0000010100000000   0000010100000000   0000010011110000   
0000010100000000   0000100111110000   0000010011110000   
1111101000010000   1110111110010000   1111000000010000   
0000010001100000   1111101001100000   0000101011010000   
0000010001000000   1101111010110000   1110010001010000   
0010010101010000   0010011010010000   0010011010110000   
0000010000000000   0000010101100000   1101111011010000   
0010101111100000   1110010101110000   0011011111010000   
1111010101110000   0000000101100000   0010100111100000   
0000001101100000   0011011111010000   0011011001110000   
1100101110010000   0100011011010000   1100011011010000   
0000001101000000   1111111010000000   1011011110110000   
0000010010000000   1011101110110000   1011101111010000   
0000001011100000   1011101000110000   1111111010000000   
1100100010110000   0001010111000000   0001010111000000   
0000001011100000   0100111111110000   0011101000110000   
0011001011110000   0110101001000000   1110101001000000   
0000001011100000   1011101000110000   0100111111110000   
1100100010110000   0100010000000000   0111111000110000   
1111100100010000   1010111010010000   0111010001100000   
1101111010100000   0110111001110000   0111010001100000   
0000001101100000   0001010100000000   0100110110100000   
0000001110000000   0110001010100000   0011100011000000   
0000001110100000   1001000101100000   0001000101000000   
0000001110100000   0001000101000000   0111111111100000   
1111001011100000   1000000000100000   0111111111100000   
0000010000100000   1001000100100000   0001000100000000   
1111001110000000   0011001100000000   1011001011000000   
1110001100000000   1100010000000000   1011001011000000   
0000010100100000   1101010011100000   0001000011100000   
0011000011000000   0011110010000000   0011110001000000   
0001111000000000   0111100011000000   1110110100000000   
1111010110000000   1101010100100000   1110110100000000   
0000011010000000   1001110011100000   1010011011000000   
1110100111100000   1111110100100000   0111110100000000   
0010011010000000   1011100110100000   1101110001000000   
0010110101100000   0100100010100000   1111011011000000   
0001011110000000   1101000000100000   1000011110000000   
0010010101100000   0111011010000000   1010011001100000   
0000011001100000   0111000111100000   0001000011100000   
0001010010000000   1001111111100000   0001111111100000   
0000011001100000   0011010111000000   0100001111100000   
1101000001100000   0111100110100000   1101100000100000   
0000011000000000   0100100111000000   1001010000100000   
0011110000000000   1001010000000000   0100101001000000   
0000010110100000   0001001111100000   0111111111100000   
1111000111000000   0110110000000000   0110110000000000   
0010110101000000   1010011110000000   0011101110000000   
0000010110000000   1110001100000000   0110110001000000   
0000010110100000   0011001000100000   1110000011000000   
0000010111100000   1110000100000000   1110000011000000   
0000011000000000   0000000000000000   1111111111100000   
0000011000000000   1111111111100000   1111111111100000   
0000011000100000   1001110010000000   0110001110100000   
1110100111100000   0110001111000000   0110001110100000   
0000011001100000   1000000000100000   0110001110100000   
0000011001100000   0010001101100000   1010001101000000   
0000011010000000   1100011010100000   1000000000000000   
0000011010000000   1000000000000000   1011100101100000   
0000011011000000   1010011100100000   0010011011100000   
1101111100100000   0010011010100000   0101100000100000   
0000011011000000   0110000101000000   0101001000100000   
0000011000100000   0101000110000000   1111000001000000   
0011010000100000   1111000000000000   1001111010000000   
1110011110100000   0101001000000000   0110001000000000   
0000011000000000   1000000001100000   0010111001100000   
0000011000000000   0100101111100000   1100101110000000   
0000011000000000   1111111110100000   0111111110100000   
0000011000000000   0111111110100000   1000000000000000   
0000011001000000   0110011011000000   1110011010100000   
0000010110100000   1110011000000000   0111111101000000   
0000010101100000   0111111100000000   1001100100000000   
0000011001100000   0110000000000000   1110000000000000   
0000010110100000   1111111010000000   0111111101000000   
0000010111100000   0111111110000000   1000000100000000   
0000011001100000   1001011110000000   0001011110000000   
0000010111000000   1111111011000000   0111111101100000   
0000011011000000   1000000001100000   1000000010000000   
0000001111100000   0111110110100000   1111110101000000   
0000010101100000   1111111011000000   1000000100100000   
0000011001100000   1000000100000000   1000000100100000   
0000010011000000   0111111110000000   1111111010000000   
0000010001100000   0011001001100000   1011001011100000   
1101000101000000   1100110100000000   0100110101100000   
0000001111100000   1000000000000000   0100110101100000   
0000001111100000   0100110101100000   1100110101100000   
0011100000000000   1100111000100000   1000000011000000   
0000010011100000   1011011010100000   0111111110000000   
0000010100100000   0111111111000000   1100100100100000   
0000010101000000   1101000010100000   0101000011100000   
0011010011100000   0011000000000000   1010111111100000   
0000010110000000   1000000010000000   0101000010000000   
0000010110000000   0101000010000000   1101000000000000   
0011010100000000   1101000000000000   0111111110000000   
0000010110000000   0101011000000000   1000000000000000   
0010111110000000   1010101000000000   0010101000000000   
0000010110000000   0000000000000000   0101011000000000   
0000011001100000   1001001011000000   1001001011000000   
1111001110100000   0110110101000000   1110110101000000   
0010101111100000   0000000000000000   1001001011000000   
0000011001000000   0110110100100000   0110110100100000   
0001100001100000   0001000001000000   1001000010100000   
0000011000000000   0101101110100000   0110111000000000   
0000011010000000   0001010111100000   1001010101100000   
1111000111100000   1001011000000000   0110101011100000   
0000011110100000   1000000011000000   1110101011000000   
0000100000100000   1110101101100000   0110101010100000   
0000100011000000   1110110001000000   0111111111100000   
0000100100000000   1000000000100000   1001001111100000   
0000100100000000   1001001111100000   0001001111000000   
1111010100100000   0001001111000000   0111111111100000   
0000100011100000   1001001110100000   0111111111100000   
0000100011100000   0111111111100000   1110110001000000   
0000100100000000   1110110001000000   0110110001100000   
0001101111000000   0110101111100000   1001001011100000   
0000100001000000   0111111101100000   0110110001000000   
0000100011100000   0110110001000000   1110110011100000   
0000100000100000   1110110000100000   0111111111100000   
0000011111100000   0111111110100000   1001001110000000   
0000011110100000   1011000001100000   0011000011000000   
1101011011000000   0011000010000000   0100111110000000   
0000011010000000   1111111001000000   1011000111100000   
0000101000000000   1011010101100000   1011010010000000   
0000011101000000   1011000111000000   1111110001100000   
0000011100000000   1111110000100000   1111110001100000   
0000101000100000   0000001100000000   0000001101100000   
0000011010000000   1111111111000000   1111110011000000   
0000011001100000   0101000110100000   0101000111000000   
0000011010100000   1000000010100000   0000000001100000   
0000011010000000   1000000100000000   1000000000000000   
0000011010000000   1000000000000000   1000000000000000   
1000011010000000   1000000010000000   0000000010000000   
0000011010000000   1000000011000000   0000000001000000   
0000011011000000   0010111000000000   1010110111000000   
0000011100100000   1010111000100000   1000000000100000   
0000011101100000   1000000001100000   1101001001000000   
0000011110100000   1101001010000000   0101001000100000   
0011010011100000   0101001000000000   0111111110000000   
0000011111100000   0101001000000000   0000000010000000   
0000011100100000   1111111111000000   1010110111000000   
0000011011100000   1010110110000000   1010110111000000   
0000011011000000   1010110110100000   0000000000100000   
0000011010100000   0000000000000000   0101001001100000   
0000011001100000   0110110000100000   0110110000100000   
0000011000000000   0111111101000000   1111111110100000   
0000000011000000   1111010001100000   0111101100100000   
0001010101100000   1000111111000000   1000101101000000   
0000010100000000   0111101011100000   1110101100100000   
0000100101100000   0000001010000000   1000001011100000   
0000010010000000   0111111000000000   0111101110000000   
0000011000000000   1000000010000000   0000000011000000   
0000010000100000   1111110010000000   0111111001100000   
0000011100100000   1000000101100000   1000000110100000   
0000001110100000   0111111000100000   1111110011000000   
0000010100000000   0000000101100000   1000000110100000   
0000001101000000   0111111111100000   0111111010000000   
0000001100100000   0111111001100000   1111111010000000   
0000001100100000   0000000000100000   1000000000100000   
0000001100000000   1000000000000000   1000000000000000   
0000001100100000   1000000000100000   0000000000100000   
0000001100000000   1111111111100000   0111111111100000   
0000001101000000   1000000000100000   1000000001000000   
0000001100100000   0111111111100000   0000000000000000   
0000001101000000   0000000000100000   1000000001000000   
0000001100100000   0111111111000000   0111111111000000   
0000001101000000   0111111111100000   0000000000100000   
0000001101100000   0000000001100000   1000000001100000   
0000001110100000   1000000010000000   1000000001000000   
0000010001100000   1000000100000000   0000000001100000   
0000010011100000   0000000011100000   0111111111100000   
0000010111000000   1000000011000000   0111111111100000   
0000011010000000   1000000010100000   1111111111100000   
0000011101100000   0000010010100000   1000001111100000   
0000011111000000   1000000000000000   0111111110100000   
0000100010000000   1000000001100000   0000000000000000   
0000100001100000   1111111111100000   0111111110000000   
0000100011000000   1000000001100000   1000000001000000   
0000100011000000   1000000001000000   1111111111100000   
0000100101000000   0000000101000000   1000000011000000   
0000100110000000   1000000000000000   0111111111000000   
0000101010000000   1000000011000000   0000000001000000   
0000101000000000   1111111111000000   0111111100000000   
0000110010000000   1000001011100000   1000000111000000   
0000101100100000   1000000001100000   1111110110000000   
0000101001000000   1111101101100000   0111110001000000   
0000101011000000   0111110011000000   1000000101100000   
0000111000000000   1000111001100000   0000111001100000   
0000101001100000   0000101011000000   0111110001100000   
1111111100100000   0110011000100000   0110011001100000   
0000100111100000   1001010111000000   0000101100000000   
1111001111100000   1111010100000000   0111010100100000   
0000100110100000   1000101011100000   1001010111100000   
1111111010000000   0111010011000000   1111010011100000   
0000100110000000   1111111111100000   1000101100100000   
0000100110100000   1000111100100000   1000111100100000   
0000100101000000   0111111101000000   1111111110100000   
0000100110000000   1111111111100000   1000000000100000   
0000100100000000   0111111110100000   0111111111000000   
0000100100100000   1000000001100000   0000000010000000   
0000100010100000   0000000000000000   0111111110100000   
0000011111100000   0111110001000000   0111110100000000   
0000100000000000   1000000100000000   0000000011100000   
0000011100000000   1111111111100000   0111111111100000   
0000100000100000   1000000100000000   1000000100100000   
0000011100100000   0111111100100000   1111111100100000   
0000100001000000   0000000001000000   1000000100100000   
0000100001000000   1000000011100000   1000000011100000   
0000100001100000   1000000100000000   0000000000100000   
0000011100100000   1111101110000000   0111101110100000   
0000011111100000   0111110001100000   1000000011100000   
0000101010000000   1000011010100000   0000011100100000   
0000011011100000   1111100101000000   0111110011100000   
0000110010100000   1000001010100000   1000001100100000   
0000011001000000   0111110011000000   1111101000100000   
0000100110000000   0000001111100000   1000001111100000   
0000011010000000   1000000011100000   0111110100000000   
0000010111100000   0110010100100000   1110010100000000   
0000011010100000   0000000101100000   1000000010100000   
0000010101000000   0111111101000000   0111111101000000   
0000011010100000   1000000010100000   0000000101100000   
0000100000000000   0000001110000000   1000001010000000   
0000011111000000   1000001001000000   0111111011000000   
0000010101000000   0110101110100000   1110111000100000   
0000011101100000   0000011011000000   1000010010100000   
0000000000100000   0111110101100000   0111110110100000   
0000011100000000   1000010010000000   0000011100100000   
0000001010000000   1111111000100000   0111111000100000   
0000011100000000   1000001010100000   1000010010000000   
0000010000100000   0111110000100000   1111111100000000   
0000011011000000   0000000110100000   1000010110000000   
0000010011100000   0111111001100000   0111111010000000   
0000011010100000   1000000001000000   0000000111100000   
0000011001100000   0000000101100000   1000000101100000   
0000011010100000   1000000010000000   1000000001000000   
0000010101100000   0111111100000000   1111111101100000   
0000011000000000   0000000000000000   1000000100000000   
0000011000000000   1000000100000000   1000000100000000   
0000011000100000   1000000100100000   0000000000100000   
0000010111000000   1110100010000000   0110100000100000   
0000011011000000   1000000110100000   1000000010100000   
0000010111100000   0111111111000000   1111111101100000   
0000011110000000   0000000100000000   1000000101000000   
0000011101000000   0111111111000000   0111111101100000   
0000100000100000   1000000001000000   0000000010000000   
0000100000100000   1111111110100000   0111111110100000   
0000100001100000   1000000010000000   1000000001000000   
0000100000100000   1000000000000000   1111111111100000   
0000100001000000   0000000000000000   1000000000000000   
0000011101000000   0111111010000000   0111111100000000   
0000011110000000   0111111101000000   0000000011000000   
0000011101000000   0000000100000000   1000000101000000   
0000011010000000   1000000010000000   0111111110000000   
0000010111000000   0111110011100000   1111110100000000   
0000011001100000   1111110110100000   1000000011000000   
0000011110000000   1000001110100000   1000010001000000   
0000010101100000   0111110001100000   1111111010000000   
0000100011000000   0000000111100000   1000001000000000   
0000010100100000   0111111001100000   0111110010000000   
0000011010000000   1000000011100000   0000000100000000   
0000010011000000   1111111101000000   0111111001100000   
0000010101000000   1001001001000000   1001001001100000   
0000010001100000   0111111001100000   1111111101000000   
0000010110000000   0000000001100000   1000000010100000   
0000001110100000   0111111011000000   0111111001100000   
0000010010100000   1000000110100000   0000000111000000   
0000001100100000   0000000001000000   0111111010100000   
0000001011100000   0111110010100000   0111110011100000   
0000001100000000   1000000010000000   0000000001100000   
0000001011000000   0000000000100000   1000000000000000   
0000001101000000   1000000010000000   1000000001100000   
0000001011000000   0111111101100000   1111111101100000   
0000001110000000   0000000000100000   1000000011000000   
0000001111100000   1000000101100000   1000000100000000   
0000010000000000   1000000100100000   1111111111000000   
0000001110100000   1111110100100000   0111110011000000   
0000010010100000   0111110111000000   1000000010100000   
0000011100100000   1000010110000000   0000010101100000   
0000010010000000   1111101010100000   0111110101000000   
0000100100100000   1000000111100000   1000001001000000   
0000001111100000   0111110100000000   1111101100100000   
0000011110100000   0000010110100000   1000010101000000   
0000010010000000   1000001000100000   0111110010000000   
0000001011100000   0100000011000000   1100000010000000   
0000010100000000   1000010000000000   1000000111100000   
0000000101000000   0111111000100000   1111111000000000   
0000010110000000   0000001001000000   1000010000100000   
0000010000000000   0111111011100000   0111111010000000   
0000011000100000   1000000010100000   0000000111000000   
0000010110000000   1111110011000000   0111110101100000   
0000011000100000   1000000111100000   1000000101000000   
0000001011000000   0111110111100000   1111111010100000   
0000010011100000   0000000011000000   1000001011100000   
0000001110100000   1000000010100000   1000000011100000   
0000010001100000   1000000110100000   0000000100000000   
0000001001000000   1111101100100000   0111110101000000   
0000001111100000   0111111011100000   1000001111000000   
0000010100000000   1000100001000000   0000100001000000   
0000001111000000   0000011100000000   0111111011000000   
1111110011000000   0111000011000000   0111000011000000   
0000001110100000   1000110111000000   0000011011100000   
1111010110100000   1111100011100000   0111100100000000   
0000001101100000   1000011011000000   1000110111100000   
1111110001100000   0111100100100000   1111100101000000   
0000001101000000   0000000000100000   1000011100000000   
0000001011100000   0111111011100000   0111111100000000   
0000001100000000   1000000001100000   0000000001000000   
0000001000100000   1111111101100000   0111111110100000   
0000001010100000   1000000000100000   1000000011000000   
0000001010000000   1000000001100000   0000000001100000   
0000001010000000   0000000001100000   1000000000000000   
0000001001100000   0111111000100000   0111111001000000   
0000001010100000   1000000010100000   0000000001100000   
0000001010000000   0000000001000000   1000000000000000   
0000001110100000   1000000100100000   1000000011100000   
0000001101000000   0111111111000000   1111111101100000   
0000010001000000   0000000001100000   1000000010100000   
0000001111100000   0111111110000000   0111111111100000   
0000010000100000   1000000000100000   0000000010100000   
0000001111000000   1111111110000000   0111111110100000   
0000001111100000   0111111111000000   1000000001000000   
0000001111100000   1000000001100000   0000000010000000   
0000001111100000   0000000000100000   1000000000100000   
0000010000000000   1000000001000000   1000000000100000   
0000010000100000   1000000001000000   0000000000000000   
0000010000100000   1111111111000000   0111111110100000   
0000010001000000   0111111111000000   1000000000000000   
0000010100000000   1001000001000000   0001000000000000   
0000010010100000   1111111100000000   0111111101100000   
0000010111100000   1000000010100000   1000000010000000   
0000010011100000   0111111110000000   1111111011100000   
0000010110100000   0000000011100000   1000000011000000   
0000010101000000   1000000001100000   0111111110000000   
0000010101100000   0111111011000000   1111111010100000   
0000010111000000   0000000010100000   1000000001000000   
0000010110100000   1000000000100000   0111111111100000   
0000011000000000   1000000001000000   0000000000100000   
0000010111000000   1111111110100000   0111111110100000   
0000011001000000   1000000000100000   1000000010000000   
0000011010100000   1000000100100000   0000000011000000   
0000011010100000   0000000011000000   0111111110100000   
0000011000100000   0111110101000000   0111110100100000   
0000011011000000   0111110111000000   0000000010000000   
0000100100000000   0000010100000000   1000010100000000   
0000011010100000   0111101101000000   0111110110100000   
0000101100100000   1000001000100000   0000001001000000   
0000011010000000   1111110110100000   0111101110000000   
0000100010100000   1000001000100000   1000001001000000   
0000011001100000   1000000000000000   1111110111100000   
0000011100100000   0000101001000000   1000100111100000   
0000011100100000   0111111110100000   0111111110100000   
0000100000000000   1000000010000000   0000000001000000   
0000011110000000   1111111111000000   0111111101000000   
0000011111000000   1000000000000000   1000000000000000   
0000011110100000   0111111111100000   1111111111100000   
0000011111000000   0000000011100000   1000000011000000   
0000011110100000   0111111110100000   0111111111000000   
0000100000000000   1000000000100000   0000000000100000   
0000011111100000   0000000000000000   0111111111100000   
0000100001100000   1000000010100000   1000000001100000   
0000100001000000   1000000001000000   1111111110100000   
0000100000000000   1111111011100000   0111111100100000   
0000100001000000   0111111101100000   1000000010000000   
0000100100100000   1000001110100000   0000001110000000   
0000100010000000   0000001011100000   0111111101000000   
0000010110100000   0111100110000000   0111100110000000   
0000100010100000   1000011000000000   0000001100000000   
0000001000100000   1111110010000000   0111110011000000   
0000100000100000   1000001011000000   1000011001000000   
0000010011100000   0111110100000000   1111110101000000   
0000011111000000   0000000000100000   1000001100100000   
0000011101100000   0111101100000000   0111101100100000   
0000011110000000   1000000001100000   0000000001000000   
0000011110100000   0000000001100000   1000000000100000   
0000011111000000   1000000001000000   0111111111100000   
0000101001000000   1000010010100000   0000001101000000   
0000100101100000   0000001001100000   0111110111000000   
0000011101000000   0110101111100000   0110111000000000   
0000100110100000   1000011011100000   0000010010000000   
0000001011000000   1111110110100000   0111110110100000   
0000100111000000   1000010010100000   1000011100000000   
0000010100100000   0111110111000000   1111110111000000   
0000100111000000   0000001001100000   1000010010100000   
0000011110100000   0111111000000000   1000000000100000   
0000100111000000   1000001001000000   0000010001000000   
0000011100000000   1111101000000000   0111101001000000   
0000100101000000   0111110010000000   1000001010000000   
0000110010000000   1000100100100000   0000100101000000   
0000100100100000   1111100101100000   0111110011000000   
0000111111000000   1000001101100000   1000001101100000   
0000100100000000   0111110010100000   1111100101000000   
0000110000100000   0000001011100000   1000001100000000   
0000100010100000   0111111110000000   0111110010100000   
0000100100100000   1000110010100000   0000110010100000   
0000100011100000   1111111110000000   0111111111000000   
0000101000100000   1000000100000000   1000000010100000   
0000100111000000   1000000001000000   1111111101000000   
0000101000000000   1111111110000000   0111111101000000   
0000101000000000   0111111101000000   0111111111000000   
0000101100000000   1000011011100000   0000010111100000   
0000100111100000   1111110011000000   0111110111100000   
0000110001100000   1000000001100000   1000000011000000   
0000100101100000   0111110111000000   1111110101100000   
0000101100100000   0000000100100000   1000000101100000   
0000100011000000   0111111100000000   0111110111100000   
0000100110000000   1000000001100000   1111111110100000   
0000100100000000   1111111100100000   0111111011000000   
0000101010100000   1000010000100000   1000001111000000   
0000100110000000   1000001010100000   1111111010000000   
0000011011100000   1111100101000000   0111100101000000   
0000100110000000   1000010101000000   1000001010100000   
0000010001000000   0111110101100000   1111110101100000   
0000100110000000   0000001010100000   1000010101000000   
0000011101100000   0111111001100000   0111111000100000   
0000100110100000   1000000001100000   0000001000000000   
0000100100000000   1111000111100000   0111001000000000   
0000100101100000   1000000011100000   1000000010000000   
0000100001000000   0111111101100000   1111111110000000   
0000100100000000   0000000001000000   1000000011100000   
0000100001000000   0111111100100000   0111111101100000   
0000100001100000   0111111110000000   0000000001100000   
0000100000100000   0000000100000000   1000000101000000   
0000011110100000   0111111101000000   0111111111000000   
0000011110100000   0111111111000000   0000000000100000   
0000011011100000   1111111101100000   0111111110100000   
0000011011000000   0111111111000000   1000000000100000   
0000011000100000   0111111110000000   1111111111000000   
0000010110100000   1111111101000000   0111111111000000   
0000010101000000   0111111101100000   1000000000100000   
0000010100100000   1000000011000000   0000000100100000   
0000010010000000   0000000010000000   0111111111000000   
0000001101000000   0111110110100000   0111111000000000   
0000001111100000   1000000110100000   0000000100000000   
0000000111000000   1111111011100000   0111111100100000   
0000001110100000   1000000100000000   1000001000100000   
0000001010100000   0111111100100000   1111111100100000   
0000001111000000   0000000001000000   1000000100100000   
0000010000000000   1000000101100000   1000000100100000   
0000010001000000   1000000001000000   0000000000000000   
0000010010000000   0000000001000000   1000000000000000   
0000010100000000   1000000010000000   1000000001000000   
0000011001000000   1000001001000000   0000000101100000   
0000011010000000   0000000110100000   0111111101100000   
0000010110100000   0111010111000000   0111011010100000   
0000011101000000   1000010000100000   0000001010000000   
0000001110100000   1111111011100000   0111111010100000   
0000011110000000   1000001010000000   1000001110100000   
0000011000000000   1000000000100000   1111111110100000   
0000011111100000   0000000110000000   1000000101100000   
0000010111100000   0111101111100000   0111110111100000   
0000011101100000   0111111101100000   0000001110000000   
0000011100000000   0000001110000000   1000010000000000   
0000011010100000   1000001110100000   1000000000100000   
0000001010000000   0111100000100000   1111100001100000   
0000011001100000   0000100000000000   1000010000100000   
1111111100100000   0111110011100000   0111110010000000   
0000011101100000   1000010011000000   0000011111100000   
0000001101100000   1111101100100000   0111101011000000   
0000100000100000   0111111110000000   1000010001100000   
0000011010100000   0111001101100000   1111010001100000   
0000011101000000   0000001001000000   1000000110100000   
0000010110000000   0111111111100000   0111111110100000   
0000011110000000   1000000110100000   0000000111000000   
0000010110100000   1111110001100000   0111110010000000   
0000011110000000   0111111001100000   1000001000000000   
0000100100100000   1000111100000000   0000110101100000   
0000011111000000   1111101110100000   0111110100000000   
0000110001100000   1000000110100000   1000000110000000   
0000100000000000   0111110100100000   1111101110000000   
0000101100100000   0000000110100000   1000000110000000   
0000100000100000   0111111010000000   0111110011100000   
0000100100100000   1000000001100000   1111111101100000   
0000011110100000   1111110111100000   0111110110000000   
0000100100000000   1000010000100000   1000010010000000   
0000011100000000   1000001010000000   1111111001100000   
0000010001000000   1111100100000000   0111100100100000   
0000011011000000   1000010100100000   1000001010100000   
0000000101100000   0111110101000000   1111110101100000   
0000011010100000   0000001010100000   1000010101100000   
0000010100000000   0111111110000000   0111111100000000   
0000100000000000   1000001000000000   0000001010000000   
0000011100000000   1101001100000000   0101001010000000   
0000100010000000   1000001010000000   1000000100000000   
0000011011000000   0111111101000000   1111111011100000   
0000100100000000   0000000100100000   1000000111100000   
0000011111100000   0111111010000000   0111111010000000   
0000100101000000   0111111111100000   0000000101100000   
0000100101100000   0000001001100000   1000001001000000   
0000100101000000   0111111110100000   0111111111000000   
0000100101100000   0111111111100000   0000000000000000   
0000100100100000   1111111111000000   0111111111100000   
0000100101100000   1000000001100000   1000000001100000   
0000100101000000   1000000001000000   1111111111100000   
0000100110000000   0000000000100000   0111111111100000   
0000100110000000   0111111111100000   0111111111000000   
0000101000100000   1000000110000000   0000000101000000   
0000100111100000   0000000100000000   0111111110000000   
0000100011100000   0111110110000000   0111110110000000   
0000100111000000   1000000111000000   0000000011100000   
0000011110000000   1111111010100000   0111111011100000   
0000100101000000   1000000010100000   1000001000000000   
0000100000100000   0111111100100000   1111111101100000   
0000100100000000   0000000001000000   1000000100100000   
0000100011000000   0111100100100000   0111100100100000   
0000100100100000   1000000011000000   0000000001100000   
0000100000100000   1111111101100000   0111111110000000   
0000100100000000   1000000001100000   1000000100000000   
0000011111100000   0111111001100000   1111111011000000   
0000100001100000   1111111101000000   1000000011100000   
0000100010100000   1000010010100000   1000010001100000   
0000011111000000   0111111000000000   1111111011100000   
0000100100000000   0000000000100000   1000000010000000   
0000011100100000   0111111010100000   0111111010000000   
0000100001000000   1000000011100000   0000000100000000   
0000011011100000   1111111110100000   0111111011000000   
0000011011000000   0111111011100000   0111111100000000   
0000011001100000   0111111010100000   1111111111000000   
0000011100000000   0000001101100000   1000001111000000   
0000010111000000   1000001010000000   0111111100100000   
0000001101000000   0111101000100000   1111101000100000   
0000010110100000   0000010011000000   1000001001100000   
0000000010100000   0111110101100000   0111110110000000   
0000010101000000   1000001000100000   0000010011000000   
0000001001100000   1111110011100000   0111110101000000   
0000010011000000   0111111110100000   1000001011000000   
0000010101100000   1001001011100000   0001001011000000   
0000010100000000   1111111100100000   0111111110000000   
0000011000100000   1000000010100000   1000000010000000   
0000010100100000   0111111110000000   1111111011100000   
0000010110100000   0000000001100000   1000000001100000   
0000010011100000   0111111110100000   0111111101000000   
0000010100000000   1000000100100000   0000000100000000   
0000010010000000   1111111011100000   0111111101100000   
0000010100100000   1000000000000000   1000000001000000   
0000010000100000   0111111101000000   1111111101000000   
0000010010100000   0000000001100000   1000000010000000   
0000001111100000   0111111111000000   0111111101100000   
0000010000100000   1000000000100000   1111111111100000   
0000001111100000   1111111110100000   0111111110000000   
0000010011000000   1000001001000000   1000001000000000   
0000010000000000   1000000101000000   1111111100000000   
0000001011000000   1111110010000000   0111110010000000   
0000010000000000   1000001010000000   1000000101000000   
0000001001000000   0111111110000000   1111111100100000   
0000010010000000   0000000101100000   1000000111100000   
0000001101100000   0111111001000000   0111111000100000   
0000010011100000   0111111110100000   0000000101100000   
0000010101000000   0000110101100000   1000110101100000   
0000010011100000   0111111101000000   0111111110100000   
0000010101100000   1000000000100000   0000000001000000   
0000010010000000   1111111101100000   0111111101000000   
0000010010100000   1000000000100000   1000000001100000   
0000001111000000   0111111110000000   1111111101100000   
0000001101000000   1111111011100000   0111111101100000   
0000001100000000   1000000000000000   1000000001000000   
0000001010000000   0111111111000000   0000000000000000   
0000001011000000   0000000001000000   1000000010000000   
0000001011000000   1000000001100000   1000000001000000   
0000001011100000   1000000001100000   0000000000000000   
0000001010000000   1111111011100000   0111111101000000   
0000001011000000   0111111110000000   1000000010100000   
0000001101000000   1000001010100000   0000001010100000   
0000001010100000   0000001000000000   0111111101100000   
0000000100100000   0111110000100000   0111101111100000   
0000001101000000   1000010000000000   0000000111100000   
1111111111000000   1111111001100000   0111111000100000   
0000001111100000   1000001001000000   1000001111100000   
0000001001100000   0111111010100000   1111111001000000   
0000010010100000   0000000010000000   1000000111100000   
0000010011100000   0111111001000000   0111110111100000   
0000010101100000   1000000010100000   0000000000100000   
0000010110000000   0000000001000000   0111111111100000   
0000011001000000   1000000010100000   1000000001100000   
0000011000100000   0111111110000000   1111111101000000   
0000011010000000   1111111110100000   1000000000100000   
0000011101100000   1000010101100000   1000010010000000   
0000011100100000   0111111010100000   1111111011100000   
0000100110000000   0000000101000000   1000000011000000   
0000011110100000   0111111011100000   0111110110100000   
0001001001000000   1000111000100000   0000100101100000   
0000110010100000   0000001111000000   0111010110100000   
0000100010100000   0110100111100000   0110110111100000   
0000110001000000   0111000110000000   0000011110100000   
0001101000000000   0011111111000000   1100000000100000   
0000101101100000   1011000110000000   0111000111000000   
1101100011100000   1000110101000000   1000110111000000   
0000101001000000   1110001101000000   0011000111100000   
0010011000000000   0100110110100000   0100111000100000   
0000100101000000   0011000101100000   1110001111000000   
1101011011100000   1100110110100000   1100111000100000   
0000100001000000   1111111110000000   0011000111100000   
0000100000000000   0011010110000000   0011010111100000   
0000011110000000   1111111101100000   1111111111100000   
0000011110100000   0000000000000000   0000000001000000   
0000011100100000   1111111111000000   1111111111000000   
0000011110100000   0000000100000000   0000000011100000   
0000011101100000   0000000010100000   1111111110100000   
0000011100000000   1111101111000000   1111110000100000   
0000011110000000   0000000101100000   0000000011100000   
0000011001100000   1111111111000000   1111111110100000   
0000011110000000   0000000011000000   0000000100000000   
0000011001000000   1111111011000000   1111111100000000   
0000011100100000   1111111111100000   0000000100100000   
0000011011000000   0000000010000000   0000000011100000   
0000011011000000   0000000011100000   0000000001100000   
0000010111100000   1111110011100000   1111110011100000   
0000011010100000   1111110110100000   0000000011000000   
0000100110000000   0000011001000000   0000011000000000   
0000011110000000   1111101111000000   1111110111000000   
0000110010000000   0000001011000000   0000001001100000   
0000011111100000   1111110111000000   1111101100000000   
0000100101100000   0000000001000000   0000000010100000   
0000011100000000   1111111001000000   1111111000000000   
0000100000000000   0010100110100000   0010101000000000   
0000011010100000   1111110110100000   1111111100000000   
0000100001000000   0000000010100000   0000000100000000   
0000011010100000   1111111101100000   1111111011000000   
0000100010000000   0000001100100000   0000001010000000   
0000011110000000   0000000110000000   1111111001100000   
0000011010000000   1111010010100000   1111010110100000   
0000011111100000   0000001111000000   0000001001100000   
0000010001100000   1111111011100000   1111111011000000   
0000100001000000   0000001010100000   0000001111000000   
0000011001100000   1111111110100000   1111111101000000   
0000100011000000   0000000110100000   0000001000000000   
0000011110100000   1111111000100000   1111111101000000   
0000100100100000   0000000011000000   0000001010100000   
0000011111100000   1111111001100000   1111111010100000   
0000100001100000   1111111100100000   0000000011000000   
0000100001000000   0000000100000000   0000000110000000   
0000100001100000   0000000011000000   0000000010100000   
0000100101100000   0000000110100000   0000000011000000   
0000100111100000   0000000101000000   1111111110100000   
0000100100100000   1111110011100000   1111110010100000   
0000101000100000   1111110110100000   0000000011000000   
0000110011000000   0101000011100000   0101000011000000   
0000101001100000   0111101100100000   1111110110000000   
0000111101000000   0000001001100000   1000001001100000   
0000101010000000   0111110110100000   0111101101000000   
0000110100100000   1000001011100000   0000001011000000   
0000101011000000   0000000001100000   0111110110000000   
0000101010100000   0111101110100000   0111101111000000   
0000101101000000   1000000101100000   0000000011000000   
0000100101100000   1111111011100000   0111111100100000   
0000101010000000   1000000001000000   1000000101100000   
0000100111000000   1000000000100000   0000000001100000   
0000101001000000   0000000011100000   1000000011000000   
0000101000100000   0111111110100000   0111111111000000   
0000101100000000   1000000010100000   0000000100000000   
0000101010100000   1111111100100000   0111111100000000   
0000101100100000   0111111110000000   1000000001100000   
0000101110100000   1000000101100000   0000000101100000   
0000101101100000   1111111110000000   0111111111000000   
0000110010100000   1000000100000000   1000000010100000   
0000110000000000   1000000000000000   1111111100000000   
0000110001000000   1111111110000000   0111111101100000   
0000110000100000   0111111101000000   0111111111000000   
0000110001100000   1000111110000000   0000111111000000   
0000101111100000   1111111101000000   0111111111000000   
0000110100100000   1000000100000000   1000000011000000   
0000110001000000   0111111111100000   1111111011100000   
0000110000100000   1111111011000000   0111111011100000   
0000110000100000   0111111011100000   1000000000100000   
0000110110000000   1000101001000000   0000100011100000   
0000110010000000   1111110010100000   0111110110100000   
0001000001100000   1000000110000000   1000000101000000   
0000110101000000   0111111000100000   1111110010100000   
0000111101100000   0000000011000000   1000000010100000   
0000110110000000   0111111011000000   0111111000000000   
0000111011000000   1000000111000000   0000000010000000   
0000110110000000   1111111101000000   0111110110000000   
0000111000000000   0111111111100000   1000000000000000   
0000110100000000   0111111100000000   1111111100100000   
0000111000000000   0000000100100000   1000000100100000   
0000110101000000   0111111010000000   0111111101000000   
0000111011000000   1000000011000000   0000000011000000   
0000110100100000   1111111100100000   0111111001100000   
0000110111000000   1000000010000000   1000000010100000   
0000101111000000   0111111010100000   1111111000100000   
0000110011100000   0010011000000000   1010011000100000   
0000110000000000   0111111001100000   0111111101000000   
0000111100100000   1000001001100000   0000000110100000   
0000110111100000   0000000001100000   0111111000000000   
0001000000000000   1000000111100000   1000000010100000   
0001000001000000   1000000011100000   1111111100000000   
0001000100100000   1111111111100000   0111111100000000   
0001000100100000   0111111100100000   0111111100100000   
0001001101000000   1000000101000000   0000000010100000   
0001000111000000   1111111100100000   0111110111100000   
0001001100100000   1000000001100000   1000000000100000   
0001001010000000   0111111110000000   1111111100100000   
0001010001000000   0000001100100000   1000000101100000   
0001001101100000   1000000010000000   0111110101100000   
0001001010100000   0111101011000000   1111101011100000   
0001001101000000   1111101110000000   1000000011000000   
0001011110000000   1000100101100000   1000100110000000   
0001001101000000   0111011110100000   1111101111100000   
0001101100100000   0000001111000000   1000010000000000   
0001001100000000   0111101111100000   0111100000100000   
0001010100100000   1000000010000000   0000000110000000   
0001000101000000   1111110110100000   0111110100100000   
0001001010100000   1011100010100000   1011100100100000   
0001000010100000   0111110010000000   1111111010000000   
0001010001100000   0000001001000000   1000001000100000   
0001000010100000   0111111001100000   0111110000100000   
0001000111000000   1000000000000000   0000000001000000   
0001000000100000   1111111010100000   0111111010100000   
0001000011000000   1000011001000000   1000010110100000   
0000111100100000   0111110000100000   1111110111000000   
0001001000000000   0000000010100000   1000000100100000   
0000111000100000   0111110101000000   0111110010100000   
0000111110100000   1000000001000000   0000000011100000   
0000110100000000   1111111001000000   0111111000000000   
0000110110000000   1000000011000000   1000000001000000   
0000101111000000   0111111010000000   1111110111000000   
0000110000000000   0000000010100000   1000000101000000   
0000101010000000   0111111111000000   0111111100100000   
0000100111000000   0111111000100000   1111111010100000   
0000100110000000   0000000000000000   1000000001000000   
0000100011000000   0111111110000000   0111111111100000   
0000100010100000   0111111111000000   0000000001000000   
0000100000100000   1111111110000000   0111111111100000   
0000100001000000   1000000000000000   1000000010000000   
0000011011000000   0110011111000000   1110100010000000   
0000011101000000   0000000111000000   1000000101000000   
0000010011000000   0111111011000000   0111111100100000   
0000011010000000   1000000011100000   0000001000100000   
0000010010100000   1111110110000000   0111111000000000   
0000010110100000   0111111100000000   1000000110000000   
0000010111100000   1000011000100000   0000010111100000   
0000010011100000   1111110111000000   0111111011000000   
0000011010100000   1000000010000000   1000000011000000   
0000010010000000   0111111010100000   1111111000100000   
0000010111100000   0000000011100000   1000000011100000   
0000010010000000   0111111110000000   0111111010100000   
0000010100000000   1000000000100000   1111111110100000   
0000010011000000   1111111101100000   0111111101000000   
0000010110100000   1000001001100000   1000001001000000   
0000010011100000   1000000110000000   1111111100100000   
0000001110100000   1111110010000000   0111110001100000   
0000010100000000   1000001010100000   1000000101000000   
0000001001100000   0111111010100000   1111111010100000   
0000010100000000   0000000101000000   1000001010100000   
0000001111000000   0111111011100000   0111111011100000   
0000010100000000   1000000000100000   0000000101000000   
0000010011100000   1111110101000000   0111110101000000   
0000010100000000   1000000001000000   1000000000100000   
0000010011000000   0111111111100000   1111111111100000   
0000010100000000   0000000000100000   1000000001000000   
0000010011100000   0111111111100000   0111111111100000   
0000010100000000   1000000000000000   0000000000100000   
0000010100000000   0000000000100000   1000000000100000   
0000010100000000   1000000000000000   1000000000000000   
0000010100000000   1000000000000000   0000000000000000   
0000010100000000   0000000000000000   1000000000000000   
0000010100000000   1000000000000000   1000000000000000   
0000010100000000   1000000000000000   0000000000000000   
0000010100000000   0000000000000000   1000000000000000   
0000010100000000   1000000000000000   1000000000000000   
0000010100000000   1000000000000000   0000000000000000   
0000010100000000   0000000000000000   1000000000000000   
0000010100000000   1000000000000000   1000000000000000   
0000010100000000   1000000000000000   0000000000000000   
0000010100000000   0000000000000000   1000000000000000   
0000010100000000   1000000000000000   1000000000000000   
0000010100000000   1000000000000000   0000000000000000   
0000010100000000   0000000000000000   1000000000000000   
0000010100000000   1000000000000000   1000000000000000   
0000010100000000   1000000000000000   0000000000000000   
0000010100000000   0000000000000000   1000000000000000   
0000010100000000   1000000000000000   1000000000000000   
0000010100000000   1000000000000000   0000000000000000   
0000010100000000   0000000000000000   1000000000000000   
0000010100000000   1000000000000000   1000000000000000   
0000010100000000   1000000000000000   0000000000000000   
0000010100000000   0000000000000000   1000000000000000   
0000010100000000   1000000000000000   1000000000000000   
0000010100000000   1000000000000000   0000000000000000   
0000010100000000   0000000000000000   1000000000000000   
0000010100000000   1000000000000000   1000000000000000   
0000100101100000   1000010001100000   0000010001100000   
0000010101000000   1111001110000000   0111001101100000   
0000100111000000   0111011111100000   1000010001100000   
0001001001100000   1001010101100000   0001010100100000   
0000101000100000   1110111101000000   0111011110000000   
0001101100100000   1000100010000000   1000100001100000   
0000101001000000   0111011110000000   1110111100000000   
0001001100000000   0000100100000000   1000100011100000   
0000101001100000   1000000001000000   0111011101000000   
0000101000100000   0110111101000000   1110111101000000   
0000101010000000   0000000011000000   1000000001100000   
0000100110000000   0111111101100000   0111111110000000   
0000101000100000   1000000000100000   0000000011000000   
0000100110000000   1111111101100000   0111111110100000   
0000100111100000   1000000000000000   1000000010100000   
0000100011100000   0111110000100000   1111110100100000   
0000100101100000   0000001000000000   1000000110000000   
0000011101100000   0111111110000000   0111111110000000   
0000100110100000   1000000111000000   0000001001000000   
0000100000100000   1111111100100000   0111111100000000   
0000100111100000   1000000011000000   1000000110100000   
0000100111100000   1000000011100000   0000000011100000   
0000101001100000   0000000101100000   1000000010000000   
0000100101000000   0111101110100000   0111101110000000   
0000101011000000   0111110100000000   0000000101100000   
0000111010000000   0000100010000000   1000100000100000   
0000101101100000   0111100101100000   0111110010000000   
0001001001000000   1000001101100000   0000001101000000   
0000101110000000   1111110010000000   0111100100100000   
0000111100000000   1000001110100000   1000001110100000   
0000101101100000   1000000000000000   1111110001100000   
0000101100100000   1111100001000000   0111100001100000   
0000101100100000   1000000000100000   1000000000100000   
0000101010000000   0111111110000000   1111111111000000   
0000101010100000   1111111111100000   1000000001100000   
0000101000000000   0111111101000000   0111111110100000   
0000100111100000   0111111110000000   0000000001000000   
0000101000100000   0000001100100000   1000001011100000   
0000100111100000   0111111101000000   0111111110000000   
0000101100100000   1000000011000000   0000000010000000   
0000101011000000   0000000000100000   0111111101100000   
0000110010100000   1000001000100000   1000000100100000   
0000110100000000   1000000110000000   1111111101100000   
0000110111000000   1111111101100000   0111111010100000   
0000111101100000   1000000001000000   1000000011100000   
0001000101100000   1000010110000000   0000010001100000   
0001000110100000   0000010010100000   0111111100100000   
0000111010000000   0111100000100000   0111011101100000   
0001001100000000   1000100001000000   0000001111000000   
0000101101000000   1111110000000000   0111101111000000   
0001001101000000   1000001111000000   1000011111000000   
0000111110000000   0111110010000000   1111110010000000   
0001001101000000   0000000001000000   1000001111000000   
0001001100000000   0111101111000000   0111101111000000   
0001001100100000   1000000001000000   0000000000100000   
0001001010100000   1111111110100000   0111111111000000   
0001001011100000   1000000000000000   1000000001100000   
0001001010100000   0111111111100000   0000000000000000   
0001001010000000   1111111111100000   1000000000000000   
0001000111100000   0111110110100000   0111111001000000   
0001011010000000   1000100111100000   0000010101000000   
0000101110100000   1111101001100000   0111101011100000   
0001010101100000   1000010010100000   1000101001000000   
0000111111000000   0111111110000000   0000000000000000   
0001010000000000   0000010001000000   1000010011000000   
0000110100000000   0111001010000000   0111100110000000   
0001000011100000   0111110101100000   0000101011100000   
0001000000000000   0000110010100000   1000111001100000   
0000110111100000   1000110001000000   0111111110100000   
1111111111100000   0110010010000000   1110010101100000   
0000110011000000   0001101010100000   1000110111000000   
1111001000100000   0111001100100000   0111001100100000   
0000110010100000   1000110110100000   0001101010000000   
1111111011000000   1111000100100000   0111000101000000   
0000110001000000   0111111011000000   1000110110100000   
0000110101000000   1011000110000000   0011000110100000   
0000110000000000   1111110110100000   0111111011100000   
0000111001100000   1000000101000000   1000000101000000   
0000101111000000   0111111010100000   1111110101100000   
0000110101100000   0000001000000000   1000000111100000   
0000101111100000   1000000001100000   0111111001100000   
0000101100000000   0111100100100000   1111101000000000   
0000101100100000   0000000100100000   1000000100000000   
0000100101000000   0111111100100000   0111111110000000   
0000101001100000   1000000010100000   0000000110000000   
0000101001000000   0000000100000000   1000000011000000   
0000101010100000   1000000100100000   1000000000100000   
0000101010000000   0111111011000000   1111111011100000   
0000101100100000   1111111110000000   1000000011000000   
0000101001100000   0111111110100000   1000000001000000   
0000101000000000   0111111111100000   0000000001000000   
0000101001100000   0000000011100000   1000000011000000   
0000101001100000   0111111111100000   0111111111100000   
0000101011000000   1000000001000000   0000000000100000   
0000101001000000   1111111110100000   0111111101100000   
0000100111100000   0111111100000000   0111111101100000   
0000100110000000   0111111100000000   0000000000000000   
0000100111000000   0001001110100000   1001010000000000   
0000100011100000   0111111010100000   0111111110000000   
0000101000000000   1000000010100000   0000000011000000   
0000100010100000   1111111101100000   0111111011000000   
0000100100000000   1000000000100000   1000000001000000   
0000100001100000   0111111110100000   1111111110000000   
0000100011000000   0000001010000000   1000001000100000   
0000100001100000   0111111011100000   0111111101000000   
0000100110000000   1000000001100000   0000000001100000   
0000100001100000   1111111101000000   0111111011100000   
0000100011100000   1000000000000000   1000000000100000   
0000100001000000   0111111110000000   1111111110000000   
0000100101000000   0000001000000000   1000000100000000   
0000100010100000   1000000001100000   0111111001100000   
0000100010000000   0111110110000000   1111110101100000   
0000100011100000   1111110111000000   1000000001000000   
0000101101100000   1000010100100000   1000010100000000   
0000100101000000   0111101110100000   1111110111000000   
0000110111100000   0000001001100000   1000001001000000   
0000100100100000   0111110110000000   0111101100100000   
0000101010100000   1000000010100000   0000000100100000   
0000100001000000   1111111011000000   0111111000100000   
0000101000000000   1010111001100000   1010111000100000   
0000100110000000   0111111011000000   1111111101000000   
0000110000000000   0000000111000000   1000000100100000   
0000101000100000   0111111101000000   0111110110000000   
0000101011100000   0111111111000000   1111111111000000   
0000101010000000   1111111101100000   0111111110100000   
0000101110100000   1000011011100000   1000010111000000   
0000101100000000   0111110110100000   1111111001000000   
0000110111100000   0000000100100000   1000000011100000   
0000101100000000   0111111000000000   0111110011100000   
0000110000000000   0111111101100000   1111111111100000   
0000101000100000   1111111000000000   0111111010100000   
0000101111100000   1000010000100000   1000001001100000   
0000101000000000   1000000010000000   1111110001100000   
0000100111000000   1111101100000000   0111101011100000   
0000101001100000   0111101110000000   1000000010000000   
0000111101100000   1000101001000000   0000101000000000   
0000101011000000   1111011010000000   0111101100100000   
0001010110000000   1000010111100000   1000010101000000   
0000110010100000   0111110001100000   1111011010000000   
0001001001000000   0000010101100000   1000010001100000   
0000111001000000   1000000001100000   0111101100000000   
0000111010100000   0111101101100000   1111101100000000   
0000111011100000   0000000000100000   0111111111100000   
0000111111000000   1000000011000000   1000000001000000   
0000111111100000   1000000001100000   1111111110100000   
0001000000000000   1111111110000000   0111111101000000   
0001000001000000   0111111110000000   1000000000000000   
0001000010000000   1000001011100000   0000001010100000   
0000111110100000   1111111000000000   0111111011100000   
0001000011100000   1000000000100000   1000000010000000   
0000111100100000   0111111011000000   1111111010100000   
0000111111100000   0000000001100000   1000000010100000   
0000111011000000   0111111110000000   0111111100100000   
0000111011000000   0111111110100000   1111111110100000   
0000111010000000   1111111101100000   0111111111000000   
0000111100100000   1000001001000000   1000001001000000   
0000111010000000   1000000110100000   1111111101100000   
0000110100100000   1111110010000000   0111110001100000   
0000111010100000   1000001011100000   1000000101100000   
0000110101000000   1000000000000000   1111111101000000   
0001000000100000   0000001000100000   1000001000100000   
0000111100000000   0111110111000000   0111110101000000   
0001000011000000   0111111100000000   0000000101000000   
0001001000000000   0010010101100000   1010010101000000   
0001000011000000   0111110101100000   0111111010100000   
0001001100100000   1000000100000000   0000000100100000   
0001000010100000   1111111010100000   0111110110100000   
0001000111000000   1000000101000000   1000000101100000   
0001000010000000   1000000000100000   1111111011100000   
0001000000100000   1111110011000000   0111110100100000   
0001000001100000   1000000011100000   1000000010100000   
0001000101000000   1000000110000000   0000000010100000   
0001000101000000   0000000010100000   0111111100100000   
0000111110100000   0111110001100000   0111110011100000   
0001000001100000   0111110110100000   0000000101000000   
0001001101000000   0000100101100000   1000011010000000   
0001000101000000   1000010010000000   0111101100100000   
0000110110000000   0110101100000000   1110101010100000   
0001000110100000   1110111011000000   1000001111000000   
0010001100100000   1010011010100000   1010011010000000   
0001000111100000   0101110101100000   1110111010100000   
0011010100000000   0001000111000000   1001000110000000   
0001001001100000   0110111011100000   0101110100100000   
0010001110000000   1001000010000000   0001000010000000   
0001001001000000   1111111101000000   0110111011000000   
0001001111000000   1001001100100000   1001001011000000   
0001001100100000   0111111001100000   1111111100000000   
0001010101000000   0000000100100000   1000000011100000   
0001001110100000   0111111101000000   0111111000100000   
0001010010100000   1000000011100000   0000000011000000   
0001001111000000   1111111111100000   0111111100000000   
0001010001100000   1000001001000000   1000000110100000   
0001010000100000   0111111011100000   1111111100100000   
0001010100000000   0000000000000000   1000000000100000   
0001010000000000   0111111100100000   0111111100100000   
0001010011100000   1000000011100000   0000000011100000   
0001010001100000   0000000001100000   0111111110000000   
0001011001000000   1000001011100000   1000000100000000   
0001011010000000   1000000101000000   1111111001100000   
0001011000000000   1111101101000000   0111101011100000   
0001011100000000   0111101111100000   1000000010100000   
0001101010100000   1000100000100000   0000100001100000   
0001011001000000   1111011110000000   0111101111100000   
0001110110000000   1000001100100000   1000001111000000   
0001010011100000   0111101100100000   1111100000000000   
0001100101000000   0000010110100000   1000010111100000   
0001010010100000   1000000101000000   0111101110100000   
0001001100100000   0100111110000000   1100111110100000   
0001010000000000   0000000111100000   1000000100000000   
0001000100100000   0111111000100000   0111111010100000   
0001001100100000   1000000010100000   0000001010000000   
0001000111000000   1111111100100000   0111111110000000   
0001001010100000   1000000001100000   1000000101000000   
0001001001000000   0111111001000000   1111111010100000   
0001001010100000   0000000100100000   1000000011000000   
0001000111000000   0111111111100000   0111111111000000   
0001001100000000   1000000100000000   0000000100100000   
0001001001000000   1111111110000000   0111111101100000   
0001001100000000   1000000000100000   1000000010100000   
0001001010100000   0111111111000000   0000000000100000   
0001001010000000   0000000000000000   1000000001000000   
0001000100000000   0111110010000000   0111110101000000   
0001000101000000   0111110110000000   0000000100000000   
0001001110000000   0000010110100000   1000010111000000   
0001000100100000   0111101101100000   0111110111000000   
0001010111000000   1000001001100000   0000001001100000   
0001000011100000   1111110110000000   0111101100100000   
0001001100100000   1000001000100000   1000001001000000   
0001000011000000   0111111111100000   1111110111000000   
0001000001100000   1111100110000000   0111100111000000   
0001000010000000   1000000010000000   1000000001100000   
0001000000000000   0111111111100000   1111111111100000   
0001000010000000   0000000001100000   1000000010000000   
0000111111100000   0111111011100000   0111111100000000   
0001000000000000   0111111100100000   0000000001000000   
0000111111100000   0000001011000000   1000001011100000   
0000111100100000   0111111010100000   0111111101100000   
0001000000000000   1000000001000000   0000000010000000   
0000111010100000   1111111100100000   0111111011100000   
0000111011000000   0111111110000000   0111111111100000   
0000110110100000   0111111011000000   1111111101000000   
0000110101100000   0000000000000000   1000000001000000   
0000110011100000   0111111111000000   0111111111000000   
0000101100100000   0111101111000000   1111110011000000   
0000101111000000   1111110101100000   1000000110100000   
0000111001100000   1000011011100000   1000011011100000   
0000101111000000   0111101011000000   1111110101100000   
0001000011000000   0000001001100000   1000001010000000   
0000101101100000   0111110100100000   0111101011000000   
0000110110000000   1000000111100000   0000001001000000   
0000101010000000   1111111101000000   0111110101100000   
0000101010000000   1000100100000000   1000100101100000   
0000100110100000   0111111010100000   1111111110000000   
0000100111000000   1111111110100000   1000000001000000   
0000100010000000   0111111100000000   0111111101100000   
0000100011000000   1000000011100000   0000000101000000   
0000100001000000   0000000011000000   0111111111100000   
0000100001000000   0111110101000000   0111110101000000   
0000100011100000   1000000101000000   0000000010100000   
0000011110100000   1111111101100000   0111111101100000   
0000100010100000   1000000001100000   1000000100000000   
0000100001000000   1000000001000000   0000000001000000   
0000100100000000   0000000100000000   1000000011000000   
0000100111000000   1000000101000000   1000000010000000   
0000100111100000   1000000010100000   1111111101100000   
0000100101000000   1111110011100000   0111110011100000   
0000100111100000   0111110110000000   1000000010100000   
0000111111100000   1000101011100000   0000100100100000   
0000110010000000   1111011110000000   0111101011100000   
0001011100000000   1000010101100000   1000010001100000   
0000111001000000   0111101110100000   1111011001000000   
0001001011100000   0000001111100000   1000001111000000   
0000111001000000   0111111100100000   0111101101000000   
0000111010100000   1000111100000000   0000111101000000   
0000110110100000   1111111001000000   0111111101000000   
0000111010100000   1000000001000000   1000000010100000   
0000110010100000   0111111010100000   1111111001100000   
0000110101000000   0000000100000000   1000000101100000   
0000110001000000   1000000001100000   0111111101100000   
0000101100100000   0111100100000000   1111101000100000   
0000110000000000   0000001011100000   1000001000000000   
0000100111100000   0111111111100000   0111111110000000   
0000110011100000   1000001010000000   0000001010100000   
0000101100100000   1111111011000000   0111111001100000   
0000110111000000   1000000100000000   1000001001000000   
0000110101000000   1000000001000000   0000000011000000   
0000111000100000   0000000110100000   1000000101100000   
0000110000000000   0111100110100000   0111100111100000   
0000110110000000   0111101101100000   0000000111000000   
0001000100100000   0000100110000000   1000101000000000   
0000110010100000   0111011110000000   0111110000000000   
0001010010100000   1000010000000000   0000010001000000   
0000110000100000   1111101111000000   0111011111000000   
0001000000100000   1000010000000000   1000010000100000   
0000101111100000   0111111111100000   1111101111100000   
0000110000000000   1111111111100000   0111111111100000   
0000110000000000   1000000000000000   1000000000000000   
0000110000000000   1000000000000000   0000000000000000   
0000101111100000   1111111111100000   0111111111100000   
0000110010000000   1000000101000000   1000000100000000   
0000110001100000   1000000011100000   1111111110100000   
0000110000000000   1111101011100000   0111101101000000   
0000110010100000   1000000110100000   1000000100000000   
0000110010000000   1000000011100000   0000000000100000   
0000110110100000   0000000101000000   1000000001100000   
0000110011100000   0111111010100000   0111111001100000   
0000111000000000   0111111110000000   0000000011100000   
0000111001000000   0000000111100000   1000000110100000   
0000110111000000   1000000100100000   0111111101000000   
0000110011100000   0111101101100000   1111101101000000   
0000110111100000   1111110001000000   1000000011100000   
0001000110100000   1000100001100000   1000100001100000   
0000110111000000   0111100001000000   1111110000100000   
0001010110000000   0000001111100000   1000001111100000   
0000110111000000   0111110000100000   0111100001000000   
0001000110100000   1000001111100000   0000001111100000   
0000111000000000   0000000001000000   0111110001100000   
0000111001000000   0111110010100000   0111110001100000   
0000111000000000   0111111101000000   1111111110000000   
0000111011000000   0000000001000000   1000000001000000   
0000111000000000   0111111110000000   0111111101000000   
0000111001000000   1000000001000000   0000000001100000   
0000110111000000   1111111111100000   0111111110100000   
0000110110100000   0111111110000000   0111111110100000   
0000110110100000   1000000000100000   0000000000100000   
0000110100000000   1111111110000000   0111111111000000   
0000110101000000   1000000000000000   1000000010000000   
0000110010000000   0111111101100000   1111111111000000   
0000110010000000   1111111111000000   1000000001100000   
0000110010000000   1000000010100000   1000000010100000   
0000110000100000   1000000001000000   1111111110100000   
0000101101100000   1111110101100000   0111110110100000   
0000101110000000   0111110111000000   1000000001100000   
0000110011000000   1000001101100000   0000001111100000   
0000101010000000   1111110000000000   0111111001000000   
0000111000000000   1000000111000000   1000001000000000   
0000101000100000   0111111000100000   1111110001100000   
0000110011000000   0000001110000000   1000001100100000   
0000101010000000   1000000011100000   0111110101100000   
0000101001100000   0110110111000000   1110110101100000   
0000101011100000   0000000010100000   1000000000100000   
0000101000000000   0111111101000000   0111111101100000   
0000101101000000   1000000010100000   0000000101100000   
0000101000100000   1111111010000000   0111111011000000   
0000101010100000   0111111101000000   1000000011000000   
0000101011100000   1000010010000000   0000010001000000   
0000101000000000   1111111000000000   0111111011100000   
0000101100000000   0111111111100000   1000000001100000   
0000100100100000   0111111010000000   1111111010100000   
0000100110100000   0000000000100000   1000000010100000   
0000100001000000   0111111101000000   0111111100100000   
0000100001000000   0111111111100000   1111111111100000   
0000011110000000   1111111100100000   0111111101000000   
0000011111100000   1000000110000000   1000000111000000   
0000011100000000   1000000011100000   1111111101100000   
0000010110100000   1111110011100000   0111110100100000   
0000011011000000   1000001010000000   1000000101100000   
0000010001000000   0111111011100000   1111111011100000   
0000011010100000   0000000101000000   1000001001100000   
0000010100100000   0111111000100000   0111111001000000   
0000011010000000   0111111110100000   0000000110000000   
0000011011100000   0000110110000000   1000110110000000   
0000011010100000   0111111110000000   0111111111000000   
0000011101100000   1000000010000000   0000000001100000   
0000011010100000   1111111110100000   0111111100100000   
0000011011000000   0111111111000000   0111111111100000   
0000011001100000   0111111110000000   1111111111000000   
0000011010100000   0000001010100000   1000001001100000   
0000011000100000   0111111011000000   0111111101000000   
0000011101100000   1000000010000000   0000000010000000   
0000011000100000   1111111101000000   0111111011000000   
0000011011100000   1000000001000000   1000000001000000   
0000011000100000   0111111110000000   1111111101000000   
0000011011100000   0000000101000000   1000000010000000   
0000011001000000   0111111111100000   0111111010100000   
0000011001100000   0111111100100000   1111111100100000   
0000011001000000   1111111100000000   0111111111100000   
0000011101000000   1000000111100000   1000000111100000   
0000011001000000   0111111000000000   1111111100000000   
0000100001000000   0000000100000000   1000000100000000   
0000011001000000   0111111100000000   0111111000000000   
0000011101000000   1000000100000000   0000000100000000   
0000011000100000   1111111111100000   0111111011100000   
0000011000000000   0111111011000000   0111111011100000   
0000011000000000   1000000000100000   0000000000100000   
0000010111100000   0000000000000000   1000000000000000   
0000011000000000   1000000000100000   1000000000100000   
0000011000100000   1000000001000000   0000000000100000   
0000011000100000   0000000000100000   0111111111100000   
0000011001000000   1000000000000000   0111111111100000   
0000011001100000   1000000000100000   0000000000000000   
0000011011000000   0000000001100000   1000000000100000   
0000011100000000   1000000001100000   1000000000000000   
0000011101100000   1000000001100000   0000000000000000   
0000011110100000   0000000001000000   0111111111100000   
0000100000100000   1000000010100000   1000000000100000   
0000100001000000   1000000001000000   1111111110100000   
0000100010000000   1111111111100000   0111111110100000   
0000100010100000   0111111111000000   0111111111100000   
0000100100100000   1000000011000000   0000000010100000   
0000100100000000   1111111110100000   0111111111000000   
0000100110100000   1000000001100000   1000000001000000   
0000100101000000   0111111111100000   1111111110000000   
0000100110100000   0000000001100000   1000000001000000   
0000100110000000   1000000000100000   0111111111000000   
0000100111100000   1000010000000000   0000001111000000   
0000100110100000   1111111101000000   0111111110000000   
0000101001100000   1000000001000000   1000000001000000   
0000100111000000   0111111110100000   1111111101100000   
0000101010100000   0000000110000000   1000000101000000   
0000101000000000   1000000010100000   0111111100100000   
0000110000100000   1000011010000000   0000010001100000   
0000101110100000   1111110011100000   0111110101100000   
0000111011000000   1000000010000000   1000000010000000   
0000101111000000   0111110110000000   1111110100000000   
0000111010000000   0000001001100000   1000001001000000   
0000110000000000   0111111111000000   0111110101100000   
0000110010000000   0111111010100000   1111111000100000   
0000110001100000   1111111000000000   0111111101100000   
0000111010100000   1000100000000000   1000011111100000   
0000110001100000   1000010110100000   1111110110100000   
0000011100000000   1111001011000000   0111001010100000   
0000110011100000   1000101110100000   1000010111000000   
0000001000000000   0111101011100000   1111101010000000   
0000110110100000   0000011000100000   1000101101000000   
0000100000000000   0111100111100000   0111100110100000   
0000111001000000   0111111111100000   0000011000000000   
0000111011100000   0001001001000000   1001001000000000   
0000111010100000   0111111101000000   0111111110000000   
0000111010100000   0111111110000000   1111111111100000   
0000111000000000   1111111101000000   0111111111000000   
0000111001000000   1000000100000000   1000000101000000   
0000110111100000   1000000011100000   1111111111100000   
0000110111000000   1111110001000000   0111110001100000   
0000111010000000   1000000110100000   1000000011100000   
0000110011100000   0111111101000000   1111111101000000   
0000111001100000   0000000011000000   1000000110000000   
0000111000100000   1000000011000000   1000000010000000   
0000111011100000   1000000101000000   0000000010000000   
0000111000100000   1111110111000000   0111111010000000   
0000111101000000   0111111110100000   1000000111100000   
0000111111100000   1000010000000000   0000001111100000   
0000111101000000   0000001101000000   0111111101000000   
0000110000000000   0111100011000000   0111100011000000   
0000111100000000   1000011000000000   0000001100000000   
0000100100000000   1111110100000000   0111110100000000   
0000111101000000   1000001101000000   1000011001000000   
0000110000000000   0111110010000000   1111110010000000   
0000111100000000   1111111110000000   1000001100000000   
0000111100000000   1000101011000000   1000101100000000   
0000111100000000   1000000001000000   0000000001000000   
0000111111000000   0000000100000000   1000000010000000   
0001000000000000   1000000011000000   0111111111000000   
0000111111000000   0111111010000000   1111111001000000   
0001000001000000   1111111011000000   1000000001000000   
0001001000000000   1000110010000000   1000101011000000   
0001000001100000   0111101100000000   1111110010100000   
0001010010100000   0000000011100000   1000000101000000   
0001000000000000   0111110010100000   0111101111000000   
0001001010100000   1000000101100000   0000000111000000   
0000111101100000   1111111010000000   0111110100100000   
0001000010100000   1000000100100000   0111111111100000   
0000111101000000   0111111010000000   1111110101100000   
0001000011000000   0000001101100000   1000001101100000   
0000111110100000   1000001001000000   0111111011100000   
0000111000100000   0111101110000000   1111101100100000   
0001000000100000   0000001110100000   1000000110100000   
0000110001000000   0111110111000000   0111110111100000   
0001000001000000   1000000111100000   0000010000100000   
0000111010100000   1111111100000000   0111111011100000   
0001000001100000   1000000010100000   1000000110100000   
0000111111000000   0110110110100000   1110110110100000   
0001000001000000   0000000100000000   1000000010000000   
0000111101000000   0111111110000000   0111111110000000   
0001000001000000   1000000010000000   0000000100000000   
0000111111000000   1111111110000000   0111111110000000   
0001000000100000   0111111111100000   1000000001100000   
0001000001000000   1000000101100000   0000000101000000   
0001000001100000   0000000000100000   1000000000000000   
0001000011000000   1000000001100000   1000000000100000   
0001000100000000   1000000001100000   0000000000000000   
0001000011100000   1111111110100000   0111111110000000   
0001000100100000   0111111111000000   1000000000100000   
0001000101100000   1000000011100000   0000000010100000   
0001000100000000   0000000001000000   0111111101100000   
0001000001000000   0111110100100000   0111110101100000   
0001000011000000   0111110111100000   0000000011000000   
0001001011100000   0000010100000000   1000010100000000   
0001000011000000   0111101111000000   0111110111100000   
0001010111000000   1000001011100000   0000001010000000   
0001000111000000   1111111010000000   0111101110100000   
0001010010000000   1000001010100000   1000001000000000   
0001001010100000   1000000000100000   1111110110000000   
0001001011000000   1111110110100000   0111110110000000   
0001001011000000   0111111111100000   0111111111100000   
0001001011100000   1000000000000000   0000000000000000   
0001001010000000   1111111110100000   0111111110100000   
0001001101100000   1000000111000000   1000000110000000   
0001001101100000   1000000110000000   1111111111000000   
0001001010100000   1111011100100000   0111011111100000   
0001010011000000   1000010100000000   1000001011100000   
0001000101000000   0111111101100000   1111111010100000   
0001010111000000   0000001100100000   1000001111000000   
0001000111100000   0111110001100000   0111110011000000   
0001010100000000   0111111111100000   0000001110000000   
0001010100100000   0000001111100000   1000001111000000   
0001010011000000   1000001101100000   0111111110000000   
0001000011100000   0111000011000000   1111000100000000   
0001001110100000   1111001111000000   1000001100000000   
0001111011100000   1001101000000000   1001101010000000   
0001001011000000   0110100001000000   1111010001100000   
0010100001000000   0000100111100000   1000101100000000   
0001000101100000   0111010000100000   0110101001000000   
0010000001000000   1001001111100000   0001001001100000   
0001001100100000   0000010101000000   0111000101100000   
0000111010100000   0101010111000000   0101010101100000   
0001001110000000   1000100101100000   0000010010000000   
0000100110100000   1111101010100000   0111101011100000   
0001001101000000   1000010010000000   1000100111100000   
0000110101000000   0111100101100000   1111101000100000   
0001001000000000   1111111011100000   1000010110000000   
0001001010100000   1000110001000000   1000101110100000   
0001000101100000   0111110011100000   1111111000100000   
0001001111000000   0000000010000000   1000000011100000   
0001000010100000   0111110111000000   0111110101000000   
0001000111100000   1000000001000000   0000000011000000   
0000111110100000   1111111010000000   0111111001000000   
0000111110100000   0111111111000000   0111111111000000   
0000110111100000   0111111000000000   1111111001000000   
0000110101100000   0000000000000000   1000000101000000   
0000110010100000   1000000010000000   1000000010000000   
0000011011100000   0111011110100000   1111101001000000   
0000100011100000   0000011010100000   1000010010100000   
0000000010000000   0111110001000000   0111110100100000   
0000011101000000   1000001111100000   0000011110100000   
0000001000100000   1111100110000000   0111101000100000   
0000011000100000   0111111000100000   1000010010100000   
0000011110000000   1011100001100000   0011100010100000   
0000010111000000   1111110011000000   0111111010000000   
0000100100000000   1000000111000000   1000000111000000   
0000011000100000   0111111011100000   1111110100100000   
0000100010000000   0000001100000000   1000001001100000   
0000011101100000   1000000101000000   0111111001000000   
0000011101100000   0111100111100000   1111100111100000   
0000100010000000   0000001001000000   1000000100100000   
0000011101000000   0111111111100000   0111111101100000   
0000100101000000   1000000101100000   0000000110000000   
0000011111100000   1111111011000000   0111111011000000   
0000100011100000   0111111111000000   1000000100000000   
0000011110100000   0111111011000000   0000000000000000   
0000011101000000   1111111110100000   1000000011100000   
0000011000100000   0111111010100000   0111111101100000   
0000011000000000   0111111101000000   0000000010100000   
0000010111000000   0000000010100000   1000000100100000   
0000010110000000   1000000000000000   1000000001000000   
0000010000000000   0111111011000000   1111111110000000   
0000010010100000   0000000000100000   1000000101100000   
0000010010000000   1000000100000000   1000000100000000   
0000010011100000   1000000101100000   0000000001100000   
0000010101000000   1111000101000000   0111000001100000   
0000011010100000   1000000111100000   1000000010000000   
0000011011000000   1000000010100000   1111111110100000   
0000100011000000   0000000110100000   1000000100000000   
0000100101100000   1000000010100000   0111111110000000   
0000100111100000   1000000000000000   1111111101100000   
0000111101100000   0001100000100000   1001001010100000   
0000110010100000   0111010100000000   0111011111000000   
0001011110100000   1000001011000000   0000001011000000   
0000110010100000   1111011111000000   0111010100000000   
0001010011100000   1000010110000000   1000010110000000   
0000110010100000   0111110101000000   1111011111000000   
0000111101100000   0000000000000000   0111110101000000   
0000110010100000   0111101010000000   0111101010000000   
0001001000100000   1001000010000000   0001000010000000   
0000110010100000   0000101100000000   0111101010000000   
0000000110100000   0110010010000000   0110010010000000   
0000110010100000   1001011000000000   0000101100000000   
1111011010100000   1111010100000000   0111010100000000   
0000110010100000   1000101100000000   1001011000000000   
0000000110100000   0111010100000000   1111010100000000   
0000110010100000   0000000000000000   1000101100000000   
0000110010100000   1000101100000000   1000101100000000   
0000110010100000   1000000000000000   0000000000000000   
0000110010100000   0000000000000000   1000000000000000   
0000110010100000   1000000000000000   1000000000000000   
0000110010100000   1000000000000000   0000000000000000   
0000110010100000   0000000000000000   1000000000000000   
0000110010100000   1000000000000000   1000000000000000   
0000110010100000   1000000000000000   0000000000000000   
0000110010100000   0000000000000000   1000000000000000   
0000110010100000   1000000000000000   1000000000000000   
0000110010100000   1000000000000000   0000000000000000   
0000110010100000   0000000000000000   1000000000000000   
0000110010100000   1000000000000000   1000000000000000   
0000110010100000   1000000000000000   0000000000000000   
0000110010100000   0000000000000000   1000000000000000   
0000110010100000   1000000000000000   1000000000000000   
0000110010100000   1000000000000000   0000000000000000   
0000110010100000   0000000000000000   1000000000000000   
0000110010100000   1000000000000000   1000000000000000   
0000110010100000   1000000000000000   0000000000000000   
0000110010100000   0000000000000000   1000000000000000   
0000110010100000   1000000000000000   1000000000000000   
0000110010100000   1000000000000000   0000000000000000   
0000110010100000   0000000000000000   1000000000000000   
0000110010100000   1000000000000000   1000000000000000   
0000110010100000   1000000000000000   0000000000000000   
0000110010100000   0000000000000000   1000000000000000   
0000110010100000   1000000000000000   1000000000000000   
0000110010100000   1000000000000000   0000000000000000   
0000110010100000   0000000000000000   1000000000000000   
0000110010100000   1000000000000000   1000000000000000   
0000110010100000   1000000000000000   0000000000000000   
0000110010100000   0000000000000000   1000000000000000   
0000110010100000   1000000000000000   1000000000000000   
0000110010100000   1000000000000000   0000000000000000   
0000110010100000   0000000000000000   1000000000000000   
0000110010100000   1000000000000000   1000000000000000   
0000110010100000   1000000000000000   0000000000000000   
0000110010100000   0000000000000000   1000000000000000   
0000110010100000   1000000000000000   1000000000000000   
0000110010100000   1000000000000000   0000000000000000   
0000110010100000   0000000000000000   1000000000000000   
0000110010100000   1000000000000000   1000000000000000   
0000110010100000   1000000000000000   0000000000000000   
0001001011100000   0110011100100000   1110010000000000   
0000111111000000   1111011010100000   0111100111000000   
0001100000100000   1000001000100000   1000001010100000   
0000111101000000   0111100111000000   1111011110100000   
0001010100000000   0000100101100000   1000100110100000   
0000111010000000   1000001100100000   0111100111000000   
0000100111100000   0101101000000000   1101111010100000   
0000110100100000   0000101100100000   1000011111100000   
0000000010000000   0111101101000000   0111110000000000   
0000101111000000   1000011101000000   0000110000000000   
0000001110000000   1111110000000000   0111110010000000   
0000101011000000   1000001111000000   1000011111000000   
0000011000000000   0111101010000000   1111111101000000   
0000100111000000   0000001100000000   1000100010000000   
0000011010000000   0111101111100000   0111110000000000   
0000100101100000   0111111011100000   0000001100000000   
0000101010000000   0000010101000000   1000010101000000   
0000100110000000   0111111000000000   0111111100000000   
0000110000000000   1000000110000000   0000000101000000   
0000101000000000   1111111101000000   0111110111000000   
0000101100000000   1000000010000000   1000000001100000   
0000101000100000   0111111110000000   1111111100000000   
0000101000100000   0000011011000000   1000011100000000   
0000100110100000   0111111101000000   0111111111000000   
0000101000100000   1000000001000000   0000000001100000   
0000100110100000   1111111111100000   0111111110100000   
0000101001000000   1000000100000000   1000000011000000   
0000101000000000   1000000010000000   1111111110000000   
0000101000000000   1111110111000000   0111110111000000   
0000101001000000   1000000010000000   1000000001000000   
0000100110000000   0111111110000000   1111111110100000   
0000100111100000   0000000000000000   1000000010000000   
