0000010100000000   0000010100000000   0000010011110000   
0000010100000000   0101010011110000   0100111111110000   
0010111100010000   1010010010010000   0010010100010000   
0000010001100000   1111101001100000   0101010111010000   
0000111101000000   1001111110110000   1001010011010000   
1101100101010000   0101111011100000   1110101000000000   
0000010000000000   0001010010110000   1011010111010000   
1110111010010000   1000101101010000   1000101110110000   
0000001101100000   1010000010000000   0001010100110000   
1110001011100000   0010111110110000   0010111110110000   
0000001101100000   0101000000110000   0010000010000000   
0011001011110000   0000111011010000   0000111011110000   
0000001100100000   1101111100100000   1101000001010000   
0010001110000000   1011000111110000   0011001000110000   
0000001011100000   0001000110010000   0101111110100000   
1111000101010000   0100111000010000   0100111000010000   
0000001011100000   0010001100100000   0001000110010000   
1101111111000000   1110111001110000   1110111001110000   
0000001011100000   0001000110010000   0010001100100000   
1111000101010000   1110111001110000   1110111001110000   
0000001100100000   0000000001000000   0001000111010000   
0000001101100000   0001001000010000   0001000111010000   
0000001110000000   0000000000000000   1111111111100000   
0000001111000000   0000000000100000   0000000000000000   
0000001110100000   1111111111100000   1111111111000000   
0000010001000000   0000000100100000   0000000011100000   
0000010000100000   0000000011000000   1111111110100000   
0000001111100000   1111110111100000   1111110110100000   
0000010011000000   0000000110000000   0000000010100000   
0000010000000000   1111111111100000   1111111110000000   
0000010101100000   0000000011100000   0000000100000000   
0000010100000000   1111111101100000   1111111100100000   
0000011000100000   0000000001000000   0000000011100000   
0000011010100000   0000000111000000   0000000101100000   
0000011010100000   1111111110100000   1111111110100000   
0000011101000000   0000000001000000   0000000000100000   
0000011011000000   1111111110100000   1111111101100000   
0000011100100000   0000000010000000   0000000010000000   
0000011010000000   1111111111100000   1111111101100000   
0000011001100000   1111111101000000   1111111101100000   
0000011001100000   0000000000100000   0000000000100000   
0000011001000000   0000000000000000   0000000000000000   
0000011001000000   0000000000000000   0000000000000000   
0000010111000000   1111111100000000   1111111101000000   
0000010111100000   1111111101100000   0000000001100000   
0000011000000000   0000000110100000   0000000111100000   
0000010110100000   1111111110000000   1111111111100000   
0000010111100000   0000000000100000   0000000001000000   
0000010110000000   1111111111100000   1111111111000000   
0000010111100000   0000000010100000   0000000010000000   
0000010111100000   0000000010000000   1111111111100000   
0000010110100000   1111111010000000   1111111001100000   
0000011000000000   0000000010100000   0000000001000000   
0000010110100000   1111111111100000   1111111111000000   
0000011001000000   0000000001100000   0000000010000000   
0000011000100000   1111111111100000   1111111111000000   
0000011001100000   0000000000000000   0000000000100000   
0000011010100000   0000000011000000   0000000010100000   
0000011010000000   1111111110100000   1111111111000000   
0000011100100000   0000000001100000   0000000001000000   
0000011010000000   1111111110100000   1111111101000000   
0000011001100000   1111111101100000   1111111110100000   
0000011000100000   1111111101100000   0000000000000000   
0000011001000000   0000000101000000   0000000110000000   
0000010111100000   1111111110000000   1111111111100000   
0000011010100000   0000000010100000   0000000010000000   
0000011000000000   1111111111100000   1111111101000000   
0000011000100000   1111111110100000   1111111110100000   
0000011000000000   1111111110000000   1111111111100000   
0000011000000000   0000000010100000   0000000011100000   
0000010110100000   1111111110000000   1111111111100000   
0000010110100000   1111111111100000   0000000000100000   
0000010101100000   1111111111100000   0000000000000000   
0000011000000000   0000000101100000   0000000100100000   
0000010111100000   0000000100000000   1111111110100000   
0000010011100000   1111101110100000   1111101110100000   
0000010111000000   0000000111000000   0000000011100000   
0000001111000000   1111111011100000   1111111100000000   
0000010110000000   0000000011000000   0000000111100000   
0000010010000000   1111111100100000   1111111101000000   
0000010101000000   0000000000000000   0000000011100000   
0000010001000000   1111111001100000   1111111011100000   
0000010001100000   0000000011000000   0000000010100000   
0000001011100000   1111111100100000   1111111110000000   
0000001111100000   0000000010000000   0000000101100000   
0000001101100000   1111111111100000   1111111111100000   
0000010010100000   0000000100100000   0000000101000000   
0000010000000000   1111111000000000   1111110111000000   
0000010100100000   0000001000000000   0000000011100000   
0000001101100000   1111111100100000   1111111100000000   
0000010101100000   0000000100000000   0000000111100000   
0000010010100000   1111111101100000   1111111101000000   
0000010110000000   0000000000100000   0000000011000000   
0000010101100000   0000000001000000   0000000001000000   
0000010110000000   0000000001000000   0000000000100000   
0000010101000000   1111111111100000   1111111111100000   
0000010110000000   0000000000100000   0000000001000000   
0000011100100000   0000001101100000   0000001010000000   
0000011001100000   0000000111000000   1111111001100000   
0000010010100000   1111011101100000   1111011101100000   
0000011001000000   0000001101000000   0000000110100000   
0000001001000000   1111110110100000   1111111000000000   
0000011000000000   0000000111000000   0000010000100000   
0000010101000000   0000000011100000   0000000001100000   
0000011100100000   0000001001000000   0000000101100000   
0000011000100000   1111101110000000   1111101011100000   
0000100001000000   0000001110100000   0000000110000000   
0000010110100000   1111111011100000   1111111001100000   
0000100100000000   0000000111000000   0000001011100000   
0000011101000000   1111110110100000   1111110110100000   
0000100100000000   1111111101100000   0000000111000000   
0000100101100000   0000001110100000   0000001111000000   
0000100011100000   1111111100100000   1111111110100000   
0000100111000000   0000000010000000   0000000010000000   
0000100010000000   1111111101000000   1111111011000000   
0000100011000000   0000000000000000   0000000001000000   
0000100001000000   1111111111000000   1111111111000000   
0000100001000000   0000000000100000   0000000001000000   
0000011111100000   1111111101100000   1111111111000000   
0000100000000000   1111111111100000   0000000000100000   
0000011101100000   1111111110000000   1111111110100000   
0000011111100000   0000000100100000   0000000100100000   
0000011101100000   0000000010100000   1111111110000000   
0000011010000000   1111110001100000   1111110010000000   
0000011100000000   0000000100100000   0000000010100000   
0000010100100000   1111111011000000   1111111100100000   
0000011010000000   0000000010000000   0000000111000000   
0000010111000000   1111111111000000   1111111111100000   
0000011010100000   0000000011000000   0000000100000000   
0000011001100000   1111111101000000   1111111100000000   
0000011100000000   0000000100000000   0000000001100000   
0000011000000000   1111111101100000   1111111101100000   
0000011011000000   0000000000100000   0000000011000000   
0000011010100000   0000000001100000   0000000001100000   
0000011100100000   0000000011100000   0000000010000000   
0000011011000000   1111111001000000   1111111000000000   
0000011110100000   0000000110000000   0000000010100000   
0000010111100000   1111111011100000   1111111100000000   
0000011101100000   0000000010000000   0000000110100000   
0000011001100000   1111111100100000   1111111101100000   
0000011011100000   1111111111100000   0000000011000000   
0000011011000000   0000000010100000   0000000011000000   
0000011010100000   1111111111100000   0000000000000000   
0000011001000000   1111111110100000   1111111111100000   
0000011000000000   1111111110100000   0000000000000000   
0000011001100000   0000000100100000   0000000100100000   
0000010101000000   0000000000000000   1111111011100000   
0000010011000000   1111110110100000   1111110111100000   
0000010010100000   0000000000000000   0000000000100000   
0000010001100000   1111111111100000   0000000000000000   
0000010001000000   1111111111100000   0000000000000000   
0000010000100000   1111111111100000   0000000000000000   
0000001111100000   1111111111000000   1111111111100000   
0000001110100000   1111111110100000   1111111111100000   
0000001101100000   1111111111000000   0000000000000000   
0000001101100000   0000000000000000   0000000000100000   
0000001100100000   1111111111100000   1111111111100000   
0000001101000000   0000000001000000   0000000001000000   
0000001100100000   0000000000100000   1111111111100000   
0000001100000000   1111111101100000   1111111101100000   
0000001100100000   0000000001000000   0000000000100000   
0000001100100000   0000000000100000   0000000000000000   
0000001101000000   0000000000100000   0000000000000000   
0000001100100000   1111111110100000   1111111110100000   
0000001101000000   1111111111000000   0000000000100000   
0000001110000000   0000000100100000   0000000100100000   
0000001101000000   1111111110000000   1111111111000000   
0000010010000000   0000000100000000   0000000010100000   
0000010001000000   0000000001100000   1111111101100000   
0000010100100000   0000000011000000   0000000000100000   
0000010111000000   0000000011000000   0000000000000000   
0000011010000000   0000000011000000   0000000000000000   
0000011101000000   0000000011000000   0000000000000000   
0000011110000000   0000000001000000   1111111111000000   
0000100000100000   0000000001100000   0000000000100000   
0000100001000000   0000000000000000   1111111111000000   
0000100010000000   0000000000000000   0000000000000000   
0000100100000000   0000000101000000   0000000100000000   
0000100100100000   0000000000000000   1111111111100000   
0000100111100000   0000000010100000   0000000001000000   
0000101000000000   0000000001100000   1111111111000000   
0000100110100000   1111111010100000   1111111010100000   
0000101100100000   0000000000100000   0000000110000000   
0000101100000000   0000000100000000   0000000100000000   
0000101011100000   1111111111000000   1111111111100000   
0000101011100000   1111111111100000   0000000000000000   
0000101011000000   1111111111100000   0000000000000000   
0000101000100000   1111111011100000   1111111101000000   
0000101000100000   1111111101000000   0000000001100000   
0000101001100000   0000001000100000   0000001001100000   
0000100111000000   1111111100000000   1111111110100000   
0000101010000000   0000000001100000   0000000010000000   
0000100110000000   1111111110000000   1111111100100000   
0000101000000000   0000000010100000   0000000010100000   
0000100110000000   0000000000100000   1111111110000000   
0000100011100000   1111110111000000   1111111000000000   
0000100100000000   0000000010000000   0000000001100000   
0000100010000000   1111111111100000   1111111111100000   
0000100011100000   0000000001000000   0000000001100000   
0000100000100000   1111111010100000   1111111011100000   
0000100001000000   1111111100000000   0000000001100000   
0000100011000000   0000001100100000   0000001101100000   
0000100000000000   1111111011000000   1111111110000000   
0000100110000000   0000000100000000   0000000011100000   
0000100000100000   1111111110000000   1111111010000000   
0000100011100000   0000000010000000   0000000001100000   
0000100001100000   1111111111100000   1111111101100000   
0000100010000000   1111111111100000   1111111111100000   
0000100001000000   1111111110000000   1111111111000000   
0000100000000000   1111111110000000   1111111111100000   
0000011101100000   1111111101000000   1111111111000000   
0000011100100000   0000000000000000   0000000010000000   
0000011001100000   1111111111000000   1111111111000000   
0000011001100000   0000000000100000   0000000001000000   
0000011001000000   1111111111100000   0000000000000000   
0000011011100000   0000000010100000   0000000001100000   
0000011010100000   0000000000100000   1111111110000000   
0000011010000000   1111111100100000   1111111100100000   
0000011010100000   1111111101000000   0000000000100000   
0000011101100000   0000001100100000   0000001100100000   
0000011110100000   0000000010000000   0000000001000000   
0000011101100000   0000000000000000   1111111111100000   
0000011110100000   0000000000100000   0000000000100000   
0000011100000000   1111111011000000   1111111100000000   
0000011100100000   1111111100100000   0000000001100000   
0000011111000000   0000001101000000   0000001101100000   
0000011100000000   1111111010100000   1111111101100000   
0000100001100000   0000000011000000   0000000011000000   
0000011011100000   1111111101000000   1111111010000000   
0000011101100000   0000000001000000   0000000001100000   
0000011010100000   1111111110100000   1111111101100000   
0000011100000000   0000000011100000   0000000011100000   
0000011010100000   1111111101000000   1111111110100000   
0000011101100000   0000000001100000   0000000001100000   
0000011001000000   1111111101000000   1111111011100000   
0000011010000000   0000000000100000   0000000001100000   
0000011000000000   1111111111100000   1111111111000000   
0000011001100000   0000000011100000   0000000011000000   
0000011010000000   0000000000100000   0000000000000000   
0000011011100000   0000000001100000   0000000000100000   
0000011100100000   0000000001100000   0000000000000000   
0000011110000000   0000000001100000   0000000000000000   
0000011111100000   0000000001100000   0000000000000000   
0000100000000000   1111111111000000   1111111110000000   
0000100001000000   0000000001000000   0000000000000000   
0000100001000000   0000000000000000   1111111111100000   
0000100010000000   0000000000100000   0000000000100000   
0000011111100000   1111111011000000   1111111100000000   
0000011111000000   1111111011100000   0000000000100000   
0000100001100000   0000001101100000   0000001110100000   
0000011100000000   1111110110000000   1111111011100000   
0000100010000000   0000000001100000   0000000011100000   
0000011001100000   1111111011000000   1111111001100000   
0000011110100000   0000001000100000   0000001000100000   
0000010111000000   0000000001000000   1111111000100000   
0000010011000000   1111101101000000   1111101110100000   
0000010101000000   0000000101100000   0000000011100000   
0000001110100000   1111111101000000   1111111101100000   
0000010100000000   0000000011000000   0000000110000000   
0000001111000000   1111111001000000   1111111010000000   
0000010010100000   1111111101100000   0000000100100000   
0000010011000000   0000001001100000   0000001010100000   
0000010000100000   1111111100000000   1111111110100000   
0000010000100000   1111111110100000   0000000000100000   
0000001110000000   1111111110000000   1111111111100000   
0000001101000000   1111111111100000   0000000001000000   
0000001100100000   0000000000100000   0000000001000000   
0000001011000000   1111111100100000   1111111101000000   
0000001100100000   0000000011100000   0000000010000000   
0000001010000000   1111111111100000   1111111111000000   
0000001101000000   0000000010000000   0000000010100000   
0000001101000000   0000000000100000   1111111111100000   
0000001111000000   0000000001100000   0000000001000000   
0000001111100000   0000000000000000   1111111111000000   
0000010001100000   0000000011000000   0000000001000000   
0000010000100000   0000000000000000   1111111111000000   
0000010011000000   0000000001100000   0000000001100000   
0000001111100000   1111111001000000   1111111010000000   
0000010000100000   1111111011000000   0000000010000000   
0000010011100000   0000010001000000   0000010010000000   
0000010001000000   1111111100000000   1111111110100000   
0000010111000000   0000000100100000   0000000011100000   
0000010011000000   1111111111100000   1111111011000000   
0000010101100000   0000000000100000   1111111111100000   
0000010100100000   1111111110100000   1111111110000000   
0000011001000000   0000001011100000   0000001010000000   
0000010111100000   1111111011100000   1111111101000000   
0000011110000000   0000000011100000   0000000010100000   
0000011000100000   1111111101000000   1111111001100000   
0000011011100000   0000000010100000   0000000010100000   
0000010101100000   1111111100100000   1111111010000000   
0000010101000000   1111111110000000   0000000000000000   
0000010010100000   1111111101000000   1111111111100000   
0000010011100000   0000000000100000   0000000001100000   
0000010000100000   1111111110100000   1111111110000000   
0000010000000000   1111111110100000   1111111111100000   
0000001111100000   1111111111000000   0000000000100000   
0000001111100000   0000000010000000   0000000010100000   
0000001111000000   1111111111100000   0000000000000000   
0000001110100000   1111111111100000   0000000000000000   
0000001110000000   1111111111100000   0000000000000000   
0000001101100000   1111111111100000   0000000000000000   
0000001101000000   1111111111100000   0000000000000000   
0000001101100000   0000000010000000   0000000010000000   
0000001100100000   1111111110000000   1111111111000000   
0000001101100000   0000000000000000   0000000000100000   
0000001011000000   1111111110000000   1111111110000000   
0000001100000000   0000000010000000   0000000010100000   
0000001010100000   0000000001000000   1111111111000000   
0000001000100000   1111111000100000   1111111001000000   
0000001010100000   0000000100100000   0000000010100000   
0000000110000000   1111111110000000   1111111110000000   
0000001011100000   0000000011100000   0000000101100000   
0000001110000000   0000000111000000   0000000100000000   
0000010000000000   0000000110000000   1111111111000000   
0000001100000000   1111101100000000   1111101011000000   
0000010001000000   0000001001000000   0000000100000000   
0000000111000000   1111111010000000   1111111010100000   
0000010000000000   0000000011100000   0000001001100000   
0000001011100000   1111111101000000   1111111101100000   
0000001111000000   0000000001000000   0000000100000000   
0000001111000000   0000000010100000   0000000010000000   
0000010000000000   0000000001100000   0000000000100000   
0000001111100000   0000000000000000   1111111111100000   
0000010001000000   0000000001000000   0000000001000000   
0000010000000000   1111111110000000   1111111110000000   
0000010010000000   0000000000000000   0000000010000000   
0000010011000000   0000000100100000   0000000100000000   
0000010011000000   1111111111100000   1111111111100000   
0000010100100000   0000000001000000   0000000000100000   
0000010100000000   0000000000000000   1111111111000000   
0000010110000000   0000000011000000   0000000010000000   
0000010110000000   0000000010000000   1111111111000000   
0000010110000000   1111111100000000   1111111011000000   
0000011000000000   0000000011000000   0000000001000000   
0000010101000000   1111111110000000   1111111110000000   
0000011000000000   0000000001000000   0000000011000000   
0000011001000000   0000000100000000   0000000011000000   
0000011010000000   0000000100000000   0000000000000000   
0000010111000000   1111110010100000   1111110010000000   
0000011011000000   0000000111100000   0000000011100000   
0000010011100000   1111111100000000   1111111100000000   
0000011011000000   0000000011100000   0000000111100000   
0000010110100000   1111111011000000   1111111011100000   
0000011010000000   1111111111000000   0000000100000000   
0000011011000000   0000001000000000   0000001000000000   
0000011001100000   1111111101000000   1111111110100000   
0000011100100000   0000000001100000   0000000001100000   
0000011011000000   0000000000000000   1111111110100000   
0000011110000000   0000000100100000   0000000011000000   
0000011101100000   0000000010100000   1111111110000000   
0000011100000000   1111110110100000   1111110110000000   
0000011110000000   0000000011100000   0000000001100000   
0000011011100000   1111111111000000   1111111110100000   
0000011110100000   0000000001100000   0000000010100000   
0000011101000000   1111111110000000   1111111110000000   
0000011110100000   1111111111100000   0000000001100000   
0000100001000000   0000001000100000   0000000111100000   
0000100000100000   1111111110000000   1111111110100000   
0000100011100000   0000000001100000   0000000001000000   
0000100001000000   1111111110100000   1111111101000000   
0000100010100000   0000000001100000   0000000001100000   
0000100001100000   0000000000100000   1111111111000000   
0000100010000000   1111111111100000   1111111111000000   
0000100010000000   1111111111100000   1111111111100000   
0000100011100000   0000000001000000   0000000000100000   
0000100001100000   1111111110100000   1111111101100000   
0000100001000000   1111111110000000   1111111111000000   
0000011111100000   1111111101100000   1111111111100000   
0000100001000000   0000000111000000   0000000111100000   
0000011110100000   1111111011100000   1111111110000000   
0000100010000000   0000000001100000   0000000010000000   
0000011111000000   1111111111000000   1111111101100000   
0000100000000000   0000000000100000   0000000000100000   
0000100100100000   0000000101000000   0000000100100000   
0000100001100000   1111110101100000   1111110100100000   
0000100110000000   0000001000000000   0000000011100000   
0000011111000000   1111111100100000   1111111100000000   
0000100110100000   0000000011100000   0000000111000000   
0000100100000000   1111111110100000   1111111110000000   
0000100111000000   0000000001000000   0000000010100000   
0000100110000000   1111111110100000   1111111110100000   
0000100111100000   0000000011000000   0000000001100000   
0000100011100000   1111111101100000   1111111110000000   
0000100110000000   0000000000100000   0000000011000000   
0000100011100000   1111111101100000   1111111110100000   
0000100100100000   1111111111100000   0000000010000000   
0000100101000000   0000000100000000   0000000100000000   
0000100100100000   1111111111000000   1111111111100000   
0000100100100000   1111111111100000   0000000000000000   
0000100011100000   1111111111000000   1111111111100000   
0000100010100000   1111111110100000   1111111111100000   
0000100010100000   1111111111100000   0000000001000000   
0000100101000000   0000001000000000   0000000111000000   
0000100101000000   1111111111000000   1111111111000000   
0000101010000000   0000000100000000   0000000010000000   
0000101000000000   0000000000000000   1111111100000000   
0000101000000000   1111111100000000   1111111100000000   
0000101000100000   1111111100100000   0000000000100000   
0000101010000000   0000001001100000   0000001010100000   
0000100110000000   1111111001000000   1111111101000000   
0000101100000000   0000000011000000   0000000011100000   
0000100100100000   1111111100000000   1111111001000000   
0000100101100000   1111111111000000   0000000000100000   
0000100010100000   1111111101100000   1111111110100000   
0000101000000000   0000010000000000   0000001110100000   
0000100101100000   1111111001100000   1111111100000000   
0000101101000000   0000000011100000   0000000011000000   
0000100110000000   1111111100000000   1111111000100000   
0000101010000000   0000000100100000   0000000100100000   
0000100110000000   0000000000100000   1111111100000000   
0000100101100000   1111111010000000   1111111010000000   
0000100111000000   0000000011000000   0000000001100000   
0000100011000000   1111111101100000   1111111110000000   
0000100110000000   0000000001000000   0000000011100000   
0000100100000000   1111111110100000   1111111111000000   
0000100101000000   0000000000000000   0000000001100000   
0000100011000000   1111111100100000   1111111101100000   
0000100011000000   0000000001000000   0000000001000000   
0000011111000000   1111111101000000   1111111110100000   
0000100000000000   1111111111100000   0000000010100000   
0000011101100000   1111111110000000   1111111111100000   
0000011101000000   1111111111000000   0000000001000000   
0000011011000000   1111111101100000   1111111111000000   
0000011010000000   1111111111100000   0000000000100000   
0000010111100000   1111111110000000   1111111111100000   
0000010110100000   1111111110100000   0000000000100000   
0000010101000000   1111111111000000   0000000000100000   
0000010011100000   1111111111000000   0000000000000000   
0000010001100000   1111111100100000   1111111110000000   
0000010000100000   1111111111100000   0000000000100000   
0000001111000000   1111111111000000   0000000000000000   
0000001110100000   1111111111100000   0000000000100000   
0000001111000000   0000000010000000   0000000010000000   
0000001110100000   0000000001100000   1111111111100000   
0000001110000000   1111111100000000   1111111011100000   
0000010000000000   0000000011100000   0000000001100000   
0000001110100000   0000000000000000   1111111111000000   
0000010010000000   0000000010100000   0000000010100000   
0000010011100000   0000000011000000   0000000001000000   
0000010111100000   0000000101000000   0000000010000000   
0000010111100000   1111111010100000   1111111000000000   
0000011011100000   0000000101100000   0000000001100000   
0000011001000000   1111111111000000   1111111101100000   
0000011110000000   0000000010100000   0000000011100000   
0000011011100000   1111111100000000   1111111100000000   
0000100000000000   0000000000100000   0000000100100000   
0000011110100000   0000000000000000   0000000000100000   
0000011110100000   0000000000100000   0000000000100000   
0000011100000000   1111111110000000   1111111111000000   
0000011011100000   1111111110100000   0000000000100000   
0000011011000000   0000000001000000   0000000010000000   
0000011001100000   0000000000100000   1111111111100000   
0000011001000000   1111111101100000   1111111101100000   
0000011011000000   0000000100000000   0000000010000000   
0000011100000000   0000000011000000   0000000000100000   
0000011111000000   0000000011100000   0000000000100000   
0000011110100000   1111111100000000   1111111010100000   
0000011100100000   1111111000100000   1111111100100000   
0000100101000000   0000011101000000   0000011100100000   
0000011110000000   1111110001100000   1111111000100000   
0000101100100000   0000000111000000   0000000111000000   
0000011101100000   1111111000000000   1111110001000000   
0000100110100000   0000001011000000   0000001010100000   
0000011110000000   0000000010000000   1111110111000000   
0000011110000000   1111110100000000   1111110011000000   
0000011111100000   0000000010000000   0000000000100000   
0000011110100000   1111111111100000   1111111111000000   
0000100000100000   0000000001000000   0000000001100000   
0000011111100000   1111111110100000   1111111110100000   
0000011111100000   1111111110100000   0000000000000000   
0000011111000000   0000000001000000   0000000010000000   
0000011101000000   1111111101000000   1111111111000000   
0000011110000000   0000000000000000   0000000001000000   
0000011011100000   1111111110100000   1111111110100000   
0000011100000000   0000000001000000   0000000001100000   
0000011010100000   0000000000000000   1111111111000000   
0000011010100000   1111111111000000   1111111111000000   
0000011100100000   0000000100000000   0000000010000000   
0000011111100000   0000000101000000   0000000001100000   
0000100010000000   0000000100000000   1111111111000000   
0000011110000000   1111110011000000   1111110011000000   
0000100011100000   1111111000100000   0000000101100000   
0000101100000000   0000100110000000   0000100101100000   
0000100100000000   1111101111100000   1111110111100000   
0000110110100000   0000001010000000   0000001001000000   
0000100101000000   1111110111100000   1111101101100000   
0000101101100000   0000000111000000   0000000111000000   
0000100100100000   1111111110000000   1111110111000000   
0000100110100000   1111111111000000   1111111111000000   
0000100100100000   1111111100000000   1111111110000000   
0000101001100000   0000000011000000   0000000010100000   
0000100110000000   1111111111000000   1111111100000000   
0000100111000000   1111111111000000   1111111111000000   
0000100111000000   1111111111000000   0000000000000000   
0000101001000000   0000000110100000   0000000110000000   
0000100111100000   1111111100100000   1111111110000000   
0000101010000000   0000000000100000   0000000001000000   
0000100110000000   1111111101000000   1111111100100000   
0000100111000000   0000000001100000   0000000010100000   
0000100100000000   1111111111100000   1111111110000000   
0000100100100000   0000000000000000   0000000000000000   
0000100100000000   1111111111000000   1111111111100000   
0000100110000000   0000000001100000   0000000001000000   
0000100100000000   1111111111000000   1111111101100000   
0000100101000000   0000000000100000   0000000000100000   
0000100010100000   1111111110000000   1111111101100000   
0000100010100000   0000000000100000   0000000001100000   
0000100000100000   1111111101000000   1111111111000000   
0000100000100000   1111111111000000   0000000000100000   
0000011101100000   1111111101100000   1111111110100000   
0000011110000000   0000000010000000   0000000011000000   
0000011100000000   0000000001000000   1111111111000000   
0000011010000000   1111111000100000   1111111001000000   
0000011010100000   0000000001100000   0000000001000000   
0000010111000000   1111111101100000   1111111110100000   
0000011000000000   1111111111100000   0000000010000000   
0000010110100000   1111111111100000   0000000000100000   
0000010111000000   0000000001000000   0000000001100000   
0000010101000000   1111111011000000   1111111011100000   
0000010110000000   0000000010100000   0000000001100000   
0000010001100000   1111111101000000   1111111110000000   
0000010011100000   0000000000000000   0000000011000000   
0000010010100000   0000000001000000   0000000001100000   
0000010011100000   0000000010100000   0000000001100000   
0000010010000000   1111111010000000   1111111001100000   
0000010100100000   0000000100100000   0000000010000000   
0000010000000000   1111111101100000   1111111101100000   
0000010100100000   0000000010000000   0000000100100000   
0000010000100000   1111111010100000   1111111011100000   
0000010011000000   1111111110000000   0000000011100000   
0000010011000000   0000000110100000   0000000111100000   
0000010001000000   1111111101000000   1111111111000000   
0000010011000000   0000000001000000   0000000001100000   
0000010000000000   1111111110100000   1111111101100000   
0000010000100000   0000000000000000   0000000000100000   
0000001111100000   1111111111100000   1111111111100000   
0000010000000000   0000000001100000   0000000001100000   
0000010000100000   0000000001000000   0000000000100000   
0000001110100000   1111111110100000   1111111111000000   
0000010000000000   0000000000100000   0000000010000000   
0000001111100000   0000000000100000   0000000000100000   
0000010001100000   0000000010100000   0000000010000000   
0000010000000000   1111111010100000   1111111010000000   
0000010010100000   0000000100100000   0000000010000000   
0000010000000000   1111111111100000   1111111110100000   
0000010011100000   0000000010000000   0000000010100000   
0000010001100000   1111111100100000   1111111100100000   
0000010011000000   1111111110000000   0000000001100000   
0000010011000000   0000000100100000   0000000101100000   
0000010001000000   1111111101000000   1111111111000000   
0000010000000000   1111111110000000   0000000000000000   
0000001101000000   1111111101000000   1111111111000000   
0000001110000000   0000000100000000   0000000101000000   
0000001011000000   0000000010000000   1111111110000000   
0000001001000000   1111110110000000   1111110110000000   
0000001011100000   0000000101000000   0000000010100000   
0000000110100000   1111111101100000   1111111101100000   
0000001011100000   0000000010100000   0000000101000000   
0000001000000000   1111111011100000   1111111100000000   
0000001011000000   1111111111000000   0000000011100000   
0000001011000000   0000000101000000   0000000101100000   
0000001011100000   0000000001100000   0000000001000000   
0000001101000000   0000000010100000   0000000001000000   
0000001110000000   0000000010000000   1111111111100000   
0000001111000000   1111111111100000   1111111110000000   
0000010001000000   0000000000000000   0000000000100000   
0000010100000000   0000001000000000   0000000110100000   
0000010100000000   1111111110100000   1111111110100000   
0000011000100000   0000000011000000   0000000001100000   
0000010111000000   0000000000000000   1111111101000000   
0000011011000000   0000000101000000   0000000011000000   
0000011010000000   0000000010000000   1111111101000000   
0000011000000000   1111110101000000   1111110101000000   
0000011011000000   0000000110000000   0000000011000000   
0000011000000000   0000000000000000   1111111110100000   
0000011110100000   0000000101000000   0000000101000000   
0000011001100000   1111110110000000   1111110110000000   
0000110001100000   0000001110000000   0000011000000000   
0000100101100000   1111100101000000   1111100100000000   
0000110010000000   0000011000000000   0000001011100000   
0000011000000000   1111110001100000   1111110010100000   
0000101111100000   0000001010000000   0000011000100000   
0000100001100000   1111110010100000   1111110100100000   
0000101011100000   1111111110100000   0000001100000000   
0000101000000000   0000000101100000   0000001000000000   
0000100111000000   0000000000100000   0000000001100000   
0000100010100000   1111111101000000   1111111111000000   
0000100011000000   1111111111100000   0000000010100000   
0000011111100000   1111111100000000   1111111110000000   
0000011111100000   1111111110000000   0000000010000000   
0000011110100000   0000000010100000   0000000100000000   
0000011101000000   1111111110100000   0000000000000000   
0000011101100000   0000000000100000   0000000001000000   
0000011101000000   0000000000100000   0000000000000000   
0000011101100000   0000000000100000   0000000000000000   
0000011110000000   0000000000100000   0000000000000000   
0000011101100000   1111111110000000   1111111110000000   
0000011110100000   0000000010000000   0000000001000000   
0000011011100000   1111111110000000   1111111110100000   
0000011101000000   0000000000000000   0000000010000000   
0000011100000000   0000000000000000   0000000000100000   
0000011011100000   0000000000000000   0000000000000000   
0000011010100000   1111111101100000   1111111110000000   
0000011011000000   0000000001100000   0000000001000000   
0000011000100000   1111111110100000   1111111111000000   
0000011011100000   0000000010000000   0000000011100000   
0000011110100000   0000000111100000   0000000101000000   
0000011111100000   0000000110000000   1111111110100000   
0000011001100000   1111100110100000   1111100110100000   
0000011110000000   0000001001000000   0000000100100000   
0000010001000000   1111110111100000   1111111001100000   
0000011010100000   0000000011000000   0000001011100000   
0000010111100000   0000000010100000   0000000010100000   
0000011001000000   0000000100000000   0000000001100000   
0000011000000000   1111111001000000   1111110111100000   
0000011101000000   0000001000100000   0000000011100000   
0000010110100000   1111111101000000   1111111100000000   
0000011111000000   0000000100100000   0000000111100000   
0000011011100000   1111111100000000   1111111011100000   
0000100000000000   0000000000000000   0000000100000000   
0000100010000000   0000001001000000   0000001000000000   
0000100010100000   0000000000000000   1111111111100000   
0000100011100000   0000000000100000   0000000000000000   
0000100100000000   0000000000100000   0000000000000000   
0000100100100000   0000000000100000   0000000000000000   
0000100011100000   1111111111000000   1111111110100000   
0000100000100000   1111111000100000   1111111010100000   
0000011111100000   0000000000000000   0000000001000000   
0000100011100000   0000000101000000   0000000011000000   
0000100101000000   0000000100100000   1111111111100000   
0000100101100000   1111111100000000   1111111001100000   
0000101000100000   1111111100100000   0000000000100000   
0000101100000000   0000001110100000   0000001110100000   
0000101001000000   1111111010000000   1111111101000000   
0000110000000000   0000000100000000   0000000011100000   
0000101001100000   1111111101000000   1111111001000000   
0000101101100000   0000000100000000   0000000011100000   
0000101010100000   0000000000100000   1111111100100000   
0000101011000000   1111111101000000   1111111100100000   
0000101011100000   0000000000100000   0000000000000000   
0000101110000000   0000000010100000   0000000001000000   
0000101100000000   1111111111000000   1111111100100000   
0000101001000000   1111110111100000   1111111001100000   
0000101001000000   1111111001100000   0000000010000000   
0000101111100000   0000011100000000   0000011100000000   
0000101010100000   1111110110000000   1111111011000000   
0000110111100000   0000001000000000   0000000110100000   
0000101100100000   1111111011100000   1111110011100000   
0000110001000000   0000000001000000   0000000001000000   
0000101100100000   1111111100100000   1111111011100000   
0000110010000000   0000001110100000   0000001101100000   
0000101111000000   1111111001000000   1111111100000000   
0000111000000000   0000000101000000   0000000100000000   
0000110000100000   1111111100100000   1111110111100000   
0000110100000000   0000000010000000   0000000010000000   
0000101111100000   1111111101100000   1111111011100000   
0000110010000000   0000000101100000   0000000101100000   
0000110000100000   1111111101000000   1111111110100000   
0000110100100000   0000000010100000   0000000010000000   
0000110000100000   1111111110000000   1111111011100000   
0000110010100000   0000000001100000   0000000001100000   
0000110001000000   0000000000000000   1111111110100000   
0000110011000000   0000000011100000   0000000010100000   
0000110011000000   1111111111000000   1111111111000000   
0000111000000000   0000000100000000   0000000010000000   
0000110101100000   1111111111100000   1111111011100000   
0000110111000000   1111111111000000   1111111110100000   
0000110110000000   1111111101100000   1111111110100000   
0000111000100000   0000001000100000   0000001000100000   
0000110101100000   1111111010000000   1111111101000000   
0000111000100000   0000000000000000   0000000001100000   
0000110100000000   1111111101000000   1111111101000000   
0000111001000000   0000001010000000   0000001001000000   
0000110101000000   0000000101000000   1111111011000000   
0000101111000000   1111100100100000   1111100101000000   
0000110100000000   0000001010100000   0000000101100000   
0000011111100000   1111110001000000   1111110110000000   
0000101110100000   0000000101000000   0000010100000000   
0000101100100000   0000001011000000   0000001001100000   
0000110011000000   0000010000000000   0000000101000000   
0000101100000000   1111011011100000   1111010111000000   
0000111100100000   0000011100100000   0000001100000000   
0000101001000000   1111111000100000   1111110100000000   
0001000100100000   0000001111100000   0000010111000000   
0000110101000000   1111101000100000   1111101000100000   
0001000111000000   1111111010100000   0000010010000000   
0001001100100000   0000101000000000   0000101000000000   
0001001000000000   1111110111000000   1111111011100000   
0001010101000000   0000001000100000   0000000110100000   
0001001100100000   1111111110000000   1111110101100000   
0001010000100000   1111111111100000   1111111110100000   
0001001101000000   1111111011000000   1111111011100000   
0001010010000000   0000001111100000   0000001111100000   
0001001100100000   1111110101000000   1111111010100000   
0001011000100000   0000000110100000   0000000110000000   
0001001100000000   1111111001100000   1111110011000000   
0001010010100000   0000000110100000   0000000110100000   
0001001000000000   1111111100000000   1111110101100000   
0001000110000000   1111110110100000   1111111001100000   
0001000011000000   1111111101000000   0000000000000000   
0001000101000000   0000000010000000   0000000010100000   
0001000011000000   0000000000100000   1111111110100000   
0001000001100000   1111111011000000   1111111011100000   
0001000001100000   1111111011100000   0000000000100000   
0001000100000000   0000001101100000   0000001110100000   
0000111111000000   1111110111000000   1111111100000000   
0001000011000000   0000000000000000   0000000010100000   
0000111010100000   1111111010000000   1111111010000000   
0000111100100000   0000000100000000   0000000110000000   
0000110110000000   1111111111100000   1111111011100000   
0000110010100000   1111110011100000   1111110101100000   
0000110001100000   0000000000000000   0000000001000000   
0000101100100000   1111111100000000   1111111110100000   
0000101100100000   1111111110100000   0000000010100000   
0000101001000000   1111111101000000   1111111111100000   
0000101000000000   1111111110100000   0000000001100000   
0000100101100000   1111111101100000   1111111111100000   
0000100100100000   0000000000000000   0000000001000000   
0000100000100000   1111111101000000   1111111111000000   
0000100001000000   1111111111100000   0000000010100000   
0000100001100000   0000000100000000   0000000100000000   
0000011110000000   0000000000100000   1111111100100000   
0000011011100000   1111110101100000   1111110110100000   
0000011011100000   0000000001000000   0000000001000000   
0000010111100000   1111111101000000   1111111110100000   
0000011000000000   1111111111000000   0000000010000000   
0000010110000000   1111111111000000   0000000000100000   
0000010101000000   1111111111100000   0000000000100000   
0000010010100000   1111111011000000   1111111100100000   
0000010010100000   0000000001100000   0000000001100000   
0000010000000000   1111111111000000   1111111111100000   
0000010010000000   0000000001100000   0000000010100000   
0000010000100000   1111111110000000   1111111110000000   
0000010010000000   1111111111100000   0000000001100000   
0000010100100000   0000001000100000   0000000111100000   
0000010011100000   1111111101000000   1111111110000000   
0000010110100000   0000000001000000   0000000001000000   
0000010100000000   1111111110100000   1111111101100000   
0000010101100000   0000000010000000   0000000010000000   
0000010100000000   0000000000100000   1111111110100000   
0000010011100000   1111111100100000   1111111100100000   
0000010100000000   0000000001000000   0000000000100000   
0000010011000000   1111111111100000   1111111111100000   
0000010100000000   0000000000100000   0000000001000000   
0000010011100000   1111111111100000   1111111111100000   
0000010100000000   0000000000000000   0000000000100000   
0000010100000000   0000000000100000   0000000000100000   
0000010100000000   0000000000000000   0000000000000000   
0000010100000000   0000000000000000   0000000000000000   
0000010100000000   0000000000000000   0000000000000000   
0000010100000000   0000000000000000   0000000000000000   
0000010100000000   0000000000000000   0000000000000000   
0000010100000000   0000000000000000   0000000000000000   
0000010100000000   0000000000000000   0000000000000000   
0000010100000000   0000000000000000   0000000000000000   
0000010100000000   0000000000000000   0000000000000000   
0000010100000000   0000000000000000   0000000000000000   
0000010100000000   0000000000000000   0000000000000000   
0000010100000000   0000000000000000   0000000000000000   
0000010100000000   0000000000000000   0000000000000000   
0000010100000000   0000000000000000   0000000000000000   
0000010100000000   0000000000000000   0000000000000000   
0000010100000000   0000000000000000   0000000000000000   
0000010100000000   0000000000000000   0000000000000000   
0000010100000000   0000000000000000   0000000000000000   
0000010100000000   0000000000000000   0000000000000000   
0000010100000000   0000000000000000   0000000000000000   
0000010100000000   0000000000000000   0000000000000000   
0000010100000000   0000000000000000   0000000000000000   
0000010100000000   0000000000000000   0000000000000000   
0000010100000000   0000000000000000   0000000000000000   
0000010100000000   0000000000000000   0000000000000000   
0000010100000000   0000000000000000   0000000000000000   
0000010100000000   0000000000000000   0000000000000000   
0000010100000000   0000000000000000   0000000000000000   
0000010100000000   0000000000000000   0000000000000000   
0000010100000000   0000000000000000   0000000000000000   
0000010100000000   0000000000000000   0000000000000000   
0000110111000000   0000100011000000   0000010001100000   
0000100110000000   0000000000100000   1111011101100000   
0000100111100000   1111100000000000   1111011111000000   
0000101000000000   1111011111100000   1111111111100000   
0001001001100000   0010000100000000   0010000011100000   
0000101001000000   1110111110100000   1111011111000000   
0001101010100000   0000100000100000   0000100000100000   
0000101001100000   1111011111100000   1110111111000000   
0001001010000000   0000100000100000   0000100000100000   
0000101001100000   0000000000000000   1111011111100000   
0000101010100000   1111100010000000   1111100001100000   
0000101001100000   1111111101100000   1111111110100000   
0000101010000000   1111111111000000   0000000000000000   
0000100111100000   1111111101100000   1111111110100000   
0000101010000000   0000000110000000   0000000110000000   
0000100101100000   0000000001100000   1111111011100000   
0000100100000000   1111110101100000   1111110101100000   
0000100101100000   0000000011000000   0000000001100000   
0000100100100000   0000000000100000   1111111111100000   
0000100111000000   0000000010000000   0000000001100000   
0000100110000000   1111111101100000   1111111101000000   
0000101001000000   0000000000000000   0000000010100000   
0000101010000000   0000000101000000   0000000100100000   
0000101010000000   1111111111100000   1111111111100000   
0000101100100000   0000000010000000   0000000001000000   
0000101100100000   0000000001000000   1111111111000000   
0000101101100000   0000000000000000   1111111111000000   
0000101110000000   1111111111100000   1111111111100000   
0000101110100000   0000000001100000   0000000001100000   
0000101110000000   1111111111000000   1111111111100000   
0000101110000000   1111111111100000   0000000000000000   
0000101101000000   1111111111000000   1111111111100000   
0000101101000000   0000000000100000   0000000001000000   
0000101011100000   1111111111100000   1111111111000000   
0000101010000000   1111111100000000   1111111101000000   
0000101001000000   1111111111000000   0000000000000000   
0000100111000000   1111111110000000   1111111111100000   
0000100111000000   1111111111100000   0000000001100000   
0000101000100000   0000000101000000   0000000100100000   
0000101000100000   0000000100100000   1111111111100000   
0000101001000000   1111111010000000   1111110111100000   
0000101111000000   0000001001100000   0000000011100000   
0000101111100000   0000000100000000   1111111111000000   
0000111000100000   0000001000000000   0000000100000000   
0000111010100000   0000000000000000   1111111011000000   
0001000010000000   0000000010100000   0000000010100000   
0001001000100000   0000001111000000   0000001010100000   
0001001001100000   1111111101100000   1111111100100000   
0001010001000000   0000000100000000   0000000001100000   
0001001101000000   1111111101100000   1111111001100000   
0001001111100000   0000000001000000   0000000001000000   
0001001101000000   1111111110100000   1111111101100000   
0001001110100000   0000000011100000   0000000011100000   
0001001101000000   1111111101000000   1111111110100000   
0001001111000000   0000000000100000   0000000001000000   
0001001100000000   1111111110000000   1111111101100000   
0001001101000000   0000000001100000   0000000010000000   
0001001011000000   0000000000000000   1111111110100000   
0001001001000000   1111111001100000   1111111010100000   
0001001000100000   0000000000000000   0000000000100000   
0001101011100000   0000100011100000   0000010010000000   
0001011000000000   1111111110100000   1111011011000000   
0001010100100000   1111010101100000   1111011000000000   
0001010011100000   1111010111000000   0000000001100000   
0001110101100000   0010010100000000   0010010111100000   
0001001010100000   1110101101100000   1111011000100000   
0010001111000000   0000011101000000   0000100100000000   
0000111100100000   1111010001100000   1110110100100000   
0001100001000000   0000101100000000   0000110001000000   
0000110100000000   0000000100000000   1111011000000000   
0000101110000000   1111000011000000   1111000100000000   
0000110011000000   0000001011000000   0000000110000000   
0000100111000000   1111111010000000   1111111010100000   
0000110010000000   0000000101100000   0000001011100000   
0000101010100000   1111110111000000   1111111000000000   
0000110000100000   1111111110000000   0000000111000000   
0000110001100000   0000001100100000   0000001101000000   
0000110000000000   1111111101100000   1111111111000000   
0000110000100000   1111111111100000   0000000000100000   
0000101111100000   1111111111100000   0000000000000000   
0000110000000000   0000000001100000   0000000001100000   
0000101110100000   0000000000000000   1111111110100000   
0000101010100000   1111110100100000   1111110110100000   
0000101011000000   0000000011000000   0000000010100000   
0000100101000000   1111111100100000   1111111110000000   
0000101010100000   0000000011100000   0000000111000000   
0000100111000000   1111111100100000   1111111100100000   
0000101100100000   0000000010000000   0000000101100000   
0000101010100000   1111111101100000   1111111101100000   
0000101010000000   1111111111000000   1111111111100000   
0000100111000000   1111111100100000   1111111110100000   
0000101000100000   0000000000000000   0000000011100000   
0000101010100000   0000000111100000   0000000110100000   
0000101010000000   0000000110000000   1111111110100000   
0000100010000000   1111100001100000   1111100010100000   
0000100111100000   0000001100000000   0000000110100000   
0000011000100000   1111110111100000   1111111001000000   
0000100100100000   0000000101000000   0000001101100000   
0000011101100000   1111111010100000   1111111011100000   
0000100011000000   0000000001000000   0000000110100000   
0000100001000000   0000000000000000   0000000000100000   
0000100010000000   0000000010100000   0000000001100000   
0000011110100000   1111111110000000   1111111110100000   
0000100001100000   0000000001100000   0000000011100000   
0000100000000000   1111111111000000   1111111111000000   
0000100001100000   0000000000100000   0000000001100000   
0000100001000000   1111111111100000   1111111111100000   
0000100001000000   0000000000000000   0000000000000000   
0000100001000000   0000000000000000   0000000000000000   
0000100010000000   0000000001000000   0000000001000000   
0000100010000000   0000000000000000   1111111111100000   
0000100011000000   0000000000100000   0000000000100000   
0000100011100000   0000000001000000   0000000000100000   
0000100100000000   0000000000100000   0000000000000000   
0000100101100000   0000000001100000   0000000000100000   
0000100101100000   0000000000100000   1111111111000000   
0000100011000000   1111111001100000   1111111010100000   
0000100010100000   1111111010000000   0000000000100000   
0000100101100000   0000010001000000   0000010010100000   
0000100010000000   1111111010100000   1111111110000000   
0000101111100000   0000001011100000   0000000111100000   
0000101000100000   0000000000100000   1111110101000000   
0000101000000000   1111110011100000   1111110011100000   
0000101000100000   1111110100000000   0000000000100000   
0000110111100000   0000111000000000   0000110110100000   
0000101011000000   1111100101100000   1111110010000000   
0001000111100000   0000001110100000   0000001101100000   
0000101101000000   1111110011000000   1111100100100000   
0000111000000000   0000000111100000   0000001000100000   
0000101010000000   1111111010100000   1111110011000000   
0000101100100000   0000000001100000   0000000011000000   
0000101000000000   1111111000100000   1111111101000000   
0000101111100000   0000000100100000   0000000100100000   
0000101000100000   1111111101100000   1111111001000000   
0000101101000000   0000000100100000   0000000011100000   
0000101010100000   0000000001000000   1111111100100000   
0000101010100000   1111111011000000   1111111010100000   
0000101101100000   0000000101100000   0000000010100000   
0000110010000000   0000000111000000   0000000010000000   
0000110110100000   0000000110100000   1111111111100000   
0000110101000000   1111110110000000   1111110011100000   
0000111010100000   1111111001000000   0000000011000000   
0001000011100000   0000100100000000   0000100011000000   
0000111101100000   1111110011000000   1111111001000000   
0001001110100000   0000001010000000   0000001000000000   
0001000000100000   1111111010000000   1111110000000000   
0001000111100000   0000000100000000   0000000011100000   
0001000000100000   1111111100100000   1111111000100000   
0001000000000000   1111111100100000   1111111110100000   
0000111101000000   1111111100000000   1111111111000000   
0001000000000000   0000000010000000   0000000010100000   
0000111011100000   1111111110000000   1111111100000000   
0000111100100000   0000000000000000   0000000000100000   
0000111010000000   1111111110000000   1111111110000000   
0000111100000000   0000000110000000   0000000110000000   
0000111010000000   1111111100000000   1111111110000000   
0000111110000000   0000000010000000   0000000010000000   
0000111010100000   1111111110100000   1111111100100000   
0000111100000000   0000000001000000   0000000001000000   
0000111101100000   0000000010100000   0000000001100000   
0001000001000000   0000000110100000   0000000011100000   
0001000010100000   0000000000000000   1111111110100000   
0001000011100000   1111111111100000   1111111111000000   
0001000011100000   1111111111000000   1111111111100000   
0001000011100000   0000000000100000   0000000001000000   
0001000010100000   0000000000000000   1111111111100000   
0001000010100000   1111111111100000   1111111111100000   
0001000010000000   1111111111000000   1111111111100000   
0001000011000000   0000000000100000   0000000000100000   
0001000001100000   1111111111000000   1111111110100000   
0001000010100000   0000000001100000   0000000001100000   
0001000101000000   0000000100000000   0000000010100000   
0001000001000000   1111110010100000   1111110010100000   
0001000011000000   0000000100000000   0000000010000000   
0000111100000000   1111111011000000   1111111100100000   
0001000010100000   0000000011000000   0000001000000000   
0001000100100000   0000001001000000   0000000110100000   
0001000110100000   0000001000100000   1111111111100000   
0000111110000000   1111011101100000   1111011101100000   
0001000111000000   0000010010000000   0000001001000000   
0000110110000000   1111111000000000   1111110111100000   
0001001000100000   0000001010000000   0000010010000000   
0001000000100000   1111111000000000   1111110111000000   
0001001001100000   0000000000000000   0000001000000000   
0001001000100000   0000000101100000   0000000110000000   
0001001010100000   0000000100100000   0000000010100000   
0001001010000000   0000000010000000   0000000000000000   
0001001101100000   0000000011100000   0000000001100000   
0001001100000000   1111111011000000   1111111010000000   
0001001111000000   1111111101000000   0000000010000000   
0001010010000000   0000001110000000   0000001110000000   
0001010000000000   1111111100000000   1111111110000000   
0001010101000000   0000000011000000   0000000010100000   
0001010000000000   1111111101100000   1111111010100000   
0001010010100000   0000000010000000   0000000010000000   
0001010000000000   1111111111100000   1111111101100000   
0001010011100000   0000000111000000   0000000101100000   
0001010110000000   0000000011100000   0000000001000000   
0001011010100000   0000000101100000   0000000001100000   
0001011011100000   0000000010100000   1111111101000000   
0001011010000000   1111110111100000   1111110111000000   
0001011011000000   1111111000000000   0000000000100000   
0001011111000000   0000010110100000   0000011000100000   
0001010110100000   1111110001000000   1111111001100000   
0001011111100000   0000000010100000   0000000101100000   
0001010010100000   1111111000100000   1111110110000000   
0001011010000000   0000001100100000   0000001100100000   
0001010010000000   0000000100100000   1111111000000000   
0001001001100000   1111011100000000   1111011110000000   
0001001110000000   0000001011000000   0000000110100000   
0001000000000000   1111111000100000   1111111010000000   
0001001011000000   0000000101000000   0000001100100000   
0001000101000000   1111111011100000   1111111100000000   
0001001010100000   0000000001100000   0000000110000000   
0001001001000000   0000000000000000   0000000000000000   
0001001011000000   0000000100000000   0000000010000000   
0001001001000000   0000000000000000   1111111111000000   
0001001100100000   0000000010100000   0000000010100000   
0001001001000000   1111111001000000   1111111001100000   
0001001011100000   1111111100000000   0000000011000000   
0001001100100000   0000001011100000   0000001101000000   
0001000111000000   1111110110100000   1111111100000000   
0001001100100000   0000000001100000   0000000011100000   
0001000100100000   1111111011100000   1111111010000000   
0001001001000000   0000000111100000   0000000111100000   
0001000100100000   0000000011000000   1111111011100000   
0000111111100000   1111101010100000   1111101011100000   
0001000011000000   0000001000000000   0000000100100000   
0000111011000000   1111111100100000   1111111100100000   
0001000010000000   0000000011100000   0000000111000000   
0000111110100000   1111111100100000   1111111100100000   
0001000010000000   0000000000000000   0000000011100000   
0001000010000000   0000000011100000   0000000011100000   
0001000001100000   1111111111000000   1111111111100000   
0000111111100000   1111111101100000   1111111111000000   
0000111110000000   1111111101100000   0000000000000000   
0000111101100000   0000000001100000   0000000011000000   
0000111011100000   0000000001000000   1111111111100000   
0000111000100000   1111110110100000   1111110111100000   
0000111001000000   0000000010000000   0000000001100000   
0000110010000000   1111111010100000   1111111101000000   
0000110011100000   1111111110100000   0000000100000000   
0000110101000000   0000001000100000   0000001000100000   
0000101111100000   0000000011000000   1111111010100000   
0000101011100000   1111101100000000   1111101100100000   
0000101111000000   0000000111100000   0000000100000000   
0000100111100000   1111111100100000   1111111100100000   
0000101110100000   0000000011100000   0000000111000000   
0000101001000000   1111111000100000   1111111001100000   
0000101100000000   1111111100100000   0000000100000000   
0000101011100000   0000001000000000   0000001010000000   
0000101000100000   1111111100000000   1111111111000000   
0000101000100000   1111111111000000   0000000001000000   
0000100100000000   1111111100100000   1111111101100000   
0000100011100000   0000000000000000   0000000010000000   
0000100000100000   1111111111000000   1111111111000000   
0000100010100000   0000000101100000   0000000101000000   
0000100010100000   1111111111100000   1111111111100000   
0000100101000000   0000000010000000   0000000001000000   
0000100011100000   1111111111100000   1111111101100000   
0000100010000000   1111111011000000   1111111100000000   
0000100010100000   1111111100100000   0000000001100000   
0000101001000000   0000010111000000   0000010101100000   
0000100111100000   1111111011100000   1111111101000000   
0000101100000000   0000000001100000   0000000001100000   
0000100111100000   1111111101000000   1111111011100000   
0000101010100000   0000000100100000   0000000100100000   
0000101110100000   0000001000100000   0000000100000000   
0000101101000000   1111110011100000   1111110000000000   
0000110110000000   0000001110100000   0000000101100000   
0000101101100000   1111111101000000   1111111010000000   
0000111001100000   0000000110000000   0000001001000000   
0000110010100000   1111110101000000   1111110101100000   
0000111000000000   1111111011000000   0000000110000000   
0000111010000000   0000010010100000   0000010100000000   
0000110101000000   1111110111100000   1111111100100000   
0000111000100000   0000000000000000   0000000010100000   
0000110001000000   1111111011000000   1111111011000000   
0000110110000000   0000001010000000   0000001010000000   
0000101111100000   0000000011100000   1111111001100000   
0000101101000000   1111101110000000   1111101101100000   
0000110001100000   0000001000100000   0000000100000000   
0000101101000000   1111111111100000   1111111101100000   
0000110101000000   0000000101100000   0000000110000000   
0000110011100000   1111111101100000   1111111011100000   
0000111000000000   0000000000000000   0000000010100000   
0000111001000000   0000000101000000   0000000100100000   
0000110111100000   1111111100100000   1111111110000000   
0000111000000000   1111111110100000   0000000000000000   
0000110100000000   1111111100000000   1111111101100000   
0000110101000000   0000000011100000   0000000101000000   
0000110001100000   0000000001100000   1111111110000000   
0000101110000000   1111110011000000   1111110100000000   
0000110000000000   0000000101000000   0000000011000000   
0000101010000000   1111111101000000   1111111101100000   
0000101111100000   0000000011000000   0000000110000000   
0000101101100000   1111111111000000   1111111110100000   
0000110000000000   0000000001000000   0000000010000000   
0000101110000000   1111111011100000   1111111100000000   
0000110000100000   0000000101100000   0000000011000000   
0000101101000000   1111111111100000   1111111110100000   
0000110010100000   0000000100000000   0000000100100000   
0000101110100000   1111111000100000   1111111000100000   
0000110101100000   1111111111100000   0000000111000000   
0000111000000000   0000001110000000   0000001101000000   
0000110111100000   1111111110000000   1111111110100000   
0000111010100000   0000000001100000   0000000001000000   
0000110111100000   1111111110000000   1111111100100000   
0000111000100000   0000000000100000   0000000001000000   
0000110111100000   0000000000000000   1111111111100000   
0000110111100000   1111111111100000   1111111111100000   
0000110111100000   0000000000000000   0000000000000000   
0000110110100000   1111111111000000   1111111111100000   
0000110111000000   0000000000000000   0000000001000000   
0000110111000000   0000000001000000   0000000001000000   
0000110111000000   0000000001000000   0000000000000000   
0000111000000000   0000000001000000   0000000000000000   
0000111001000000   0000000001000000   0000000000000000   
0000110110000000   1111111101000000   1111111110000000   
0000111000000000   0000000000000000   0000000011000000   
0000111000000000   0000000011000000   0000000011000000   
0000110111100000   0000000010100000   1111111111100000   
0000110100000000   1111110011000000   1111110011100000   
0000110110100000   0000000101100000   0000000011000000   
0000110001000000   1111111101100000   1111111101100000   
0000110101100000   0000000010000000   0000000100100000   
0000110010100000   1111111100100000   1111111101000000   
0000110011100000   1111111110000000   0000000001100000   
0000110010100000   0000000010000000   0000000011100000   
0000110001100000   1111111111100000   0000000000100000   
0000110000000000   1111111111000000   0000000000000000   
0000101111100000   1111111111100000   0000000000100000   
0000101101000000   1111111100000000   1111111101100000   
0000101100000000   1111111100100000   0000000000100000   
0000101011100000   0000000100100000   0000000110100000   
0000101001000000   1111111101000000   1111111111100000   
0000101011000000   0000000001100000   0000000010000000   
0000101010000000   0000000001000000   1111111111100000   
0000101001000000   1111111100100000   1111111100100000   
0000101011100000   1111111111000000   0000000010100000   
0000101100100000   0000000110100000   0000000110100000   
0000101011000000   1111111101000000   1111111110100000   
0000110010000000   0000000101100000   0000000011100000   
0000101100000000   1111111101100000   1111111000000000   
0000101011100000   1111111001100000   1111111011000000   
0000101001100000   1111111001000000   1111111111100000   
0000101101100000   0000010100000000   0000010101100000   
0000100110000000   1111110010100000   1111111010000000   
0000110000100000   0000000100100000   0000000110000000   
0000100010100000   1111111000000000   1111110011100000   
0000100111100000   0000000101100000   0000000111000000   
0000011111100000   1111111111000000   1111111001100000   
0000011101100000   1111110110000000   1111110111100000   
0000011101000000   0000000000100000   0000000001000000   
0000011010100000   1111111110100000   1111111111100000   
0000011011000000   0000000000000000   0000000001100000   
0000011011000000   0000000001100000   0000000001100000   
0000011011000000   0000000001100000   0000000000000000   
0000011000100000   1111110111100000   1111111000000000   
0000011010000000   0000000011100000   0000000010000000   
0000010110100000   1111111110100000   1111111110100000   
0000011010000000   0000000010000000   0000000011100000   
0000011001000000   1111111111100000   1111111111000000   
0000011011000000   0000000001000000   0000000001100000   
0000011001000000   1111111011000000   1111111011100000   
0000011010000000   0000000010100000   0000000001100000   
0000010110100000   1111111110000000   1111111110100000   
0000011001000000   0000000001000000   0000000011000000   
0000010111000000   1111111110000000   1111111110100000   
0000011000100000   0000000000000000   0000000010000000   
0000011000100000   0000000010000000   0000000010000000   
0000011000100000   0000000000000000   0000000000000000   
0000011000100000   0000000000000000   0000000000000000   
0000011001000000   0000000000100000   0000000000100000   
0000011000100000   1111111111000000   1111111111000000   
0000011001000000   1111111111100000   0000000000100000   
0000011001100000   0000000010100000   0000000010100000   
0000011001000000   1111111111000000   1111111111100000   
0000011010000000   0000000000100000   0000000000100000   
0000011001000000   1111111111100000   1111111111000000   
0000011001100000   0000000000100000   0000000000100000   
0000011001000000   0000000000000000   1111111111100000   
0000011000000000   1111111101000000   1111111101100000   
0000011000000000   0000000000100000   0000000000100000   
0000010111100000   0000000000000000   0000000000000000   
0000011000000000   0000000000100000   0000000000100000   
0000010111100000   1111111111000000   1111111111000000   
0000011000100000   0000000000000000   0000000001000000   
0000011000100000   0000000001000000   0000000001000000   
0000011001000000   0000000001000000   0000000000100000   
0000011001000000   0000000000100000   0000000000000000   
0000011010100000   0000000001100000   0000000001000000   
0000011100000000   0000000010100000   0000000001000000   
0000011101100000   0000000010100000   0000000000000000   
0000011101000000   1111111011000000   1111111010000000   
0000100000000000   0000000101000000   0000000010000000   
0000011101000000   1111111111000000   1111111110000000   
0000100010000000   0000000011000000   0000000100000000   
0000100000000000   1111111101000000   1111111100100000   
0000100011000000   1111111111100000   0000000010100000   
0000100101100000   0000001001100000   0000001000100000   
0000100100100000   1111111101000000   1111111110000000   
0000101000100000   0000000010000000   0000000001100000   
0000100101100000   1111111110100000   1111111100100000   
0000101000000000   0000000011000000   0000000010100000   
0000100111000000   0000000001100000   1111111110100000   
0000100100100000   1111110110000000   1111110110100000   
0000100110100000   0000000100100000   0000000010100000   
0000100011000000   1111111111000000   1111111110100000   
0000101000000000   0000000011100000   0000000100100000   
0000100100100000   1111111010000000   1111111010000000   
0000101101100000   0000000011000000   0000001001000000   
0000101100100000   0000000010000000   0000000001000000   
0000101110100000   0000000011000000   0000000001000000   
0000101100100000   1111111111000000   1111111110100000   
0000101111100000   0000000001100000   0000000010100000   
0000101111000000   0000000000000000   1111111111100000   
0000110000100000   0000000001000000   0000000001000000   
0000110001100000   0000000010000000   0000000001000000   
0000110010000000   0000000000000000   1111111111100000   
0000110001000000   1111111110100000   1111111111000000   
0000110010000000   0000000000000000   0000000001100000   
0000110101000000   0000000111100000   0000000110000000   
0000110101000000   0000000110000000   1111111110100000   
0000110010000000   1111101110000000   1111101100100000   
0000110111100000   0000001001100000   0000000100000000   
0000110001000000   1111111101100000   1111111100000000   
0000111010000000   0000000101000000   0000000111100000   
0000110110000000   1111111010100000   1111111010000000   
0000111001000000   1111111101000000   0000000010100000   
0000111010000000   0000001001100000   0000001010100000   
0000110111000000   1111111011000000   1111111110000000   
0000111101000000   0000000100000000   0000000011100000   
0000111001000000   1111111111100000   1111111011100000   
0000111011100000   0000000001000000   0000000000000000   
0000111010000000   1111111110100000   1111111101100000   
0000111010100000   0000000001000000   0000000001100000   
0000111010100000   0000000000100000   0000000000100000   
0000111100000000   0000000010000000   0000000001000000   
0000111100100000   0000000001100000   1111111111100000   
0000111100000000   1111111101000000   1111111100100000   
0000111101100000   1111111110000000   0000000001000000   
0000111110100000   0000000110100000   0000000111000000   
0000111101000000   1111111101100000   1111111111000000   
0000111101100000   1111111111100000   0000000000100000   
0000111100000000   1111111111000000   1111111111100000   
0000111111000000   0000000110100000   0000000101100000   
0000111101000000   0000000011100000   1111111101000000   
0000110111100000   1111101010000000   1111101011000000   
0000111011000000   0000001000000000   0000000100100000   
0000110101000000   1111111110100000   1111111101100000   
0000111110000000   0000000110100000   0000001000000000   
0000111011100000   1111111100100000   1111111010100000   
0001000001000000   0000000000000000   0000000011100000   
0001000001000000   0000000011100000   0000000011100000   
0001000010000000   0000000010000000   0000000001000000   
0000111111000000   1111111110000000   1111111110100000   
0001000000000000   1111111111100000   0000000001100000   
0001000000100000   0000000011000000   0000000011000000   
0000111110100000   0000000001000000   1111111110000000   
0000111011100000   1111110101000000   1111110110000000   
0000111101000000   0000000100000000   0000000010100000   
0000111001000000   1111111110100000   1111111110100000   
0000111101000000   0000000010100000   0000000100000000   
0000111101100000   0000000010100000   0000000001000000   
0001000000000000   0000000011100000   0000000001000000   
0000111101100000   1111110101100000   1111110101000000   
0001000000000000   0000000100100000   0000000010000000   
0000111101100000   1111111111100000   1111111110100000   
0001000001100000   0000000010100000   0000000011000000   
0000111111000000   1111111011100000   1111111011100000   
0001000001100000   1111111110000000   0000000010100000   
0001000010100000   0000001000000000   0000001000100000   
0001000001000000   1111111101100000   1111111111000000   
0001000011100000   0000000001100000   0000000001100000   
0001000001000000   1111111111000000   1111111101100000   
0001000001000000   1111111110100000   1111111111000000   
0001000000100000   1111111110100000   0000000000000000   
0001000100000000   0000001011000000   0000001010000000   
0001000010100000   1111111100000000   1111111101100000   
0001001001100000   0000000100100000   0000000011000000   
0001000100100000   1111111110000000   1111111001100000   
0001000110100000   1111111111100000   1111111111100000   
0001000100100000   1111111101100000   1111111110000000   
0001000110000000   0000000101100000   0000000110000000   
0001000011000000   1111111010100000   1111111101100000   
0001001000100000   0000000011000000   0000000011000000   
0001000011000000   1111111101100000   1111111010100000   
0001000101100000   0000000010000000   0000000010000000   
0001000100100000   0000000001000000   1111111111000000   
0001001000100000   0000000111100000   0000000101000000   
0001001001100000   1111111111100000   1111111110100000   
0001001100000000   0000000001000000   0000000000000000   
0001001011000000   1111111111000000   1111111110000000   
0001001100000000   0000000001000000   0000000001000000   
0001001011000000   0000000000000000   1111111111000000   
0001001001000000   1111111010000000   1111111011000000   
0001001011000000   0000000101000000   0000000011000000   
0001001011000000   0000000011000000   0000000000100000   
0001001111000000   0000000100100000   0000000001100000   
0001010010100000   0000000100000000   0000000000000000   
0001010110000000   0000000011100000   1111111111100000   
0001010100100000   1111110110100000   1111110101100000   
0001010101100000   0000000001000000   0000000000000000   
0001010001100000   1111111100000000   1111111101100000   
0001010100000000   0000000000000000   0000000100000000   
0001010010000000   0000000000000000   0000000001000000   
0001010010000000   0000000001000000   0000000001000000   
0001001010000000   1111101011100000   1111101111000000   
0001001100100000   0000001000100000   0000000110000000   
0001000001000000   1111111010100000   1111111100000000   
0001000110100000   0000000001100000   0000000111000000   
0001000011000000   1111111110100000   1111111111100000   
0001001011100000   0000001000000000   0000001001100000   
0001000101100000   1111101110100000   1111101101100000   
0001001110000000   0000010000000000   0000000111100000   
0000111110000000   1111110111100000   1111110111100000   
0001001101000000   0000000110100000   0000001111000000   
0001000110100000   1111111011100000   1111111011100000   
0001001010000000   1111111111000000   0000000011100000   
0001000111000000   1111111101100000   1111111111100000   
0001000111000000   0000000010000000   0000000010000000   
0001000010000000   1111111101000000   1111111110100000   
0001000100000000   0000000000100000   0000000011100000   
0001000000100000   1111111100000000   1111111101100000   
0001000000100000   1111111101100000   0000000001100000   
0000111111000000   0000000001100000   0000000011100000   
0000111011100000   1111111011000000   1111111110100000   
0000111000100000   1111111011100000   1111111111100000   
0000110010100000   1111111001100000   1111111110000000   
0000111001000000   0000010001100000   0000010001100000   
0000101000000000   0000000000100000   1111101111000000   
0000011110100000   1111010110100000   1111011011000000   
0000100000000000   0000000111100000   0000000110000000   
0000010010100000   1111111000100000   1111111011100000   
0000011010100000   0000000011100000   0000001011000000   
0000010011000000   1111111000100000   1111111010100000   
0000010111100000   1111111111000000   0000000110100000   
0000010111100000   0000001000000000   0000001000100000   
0000010111000000   1111111111100000   0000000000000000   
0000011010100000   0000000011100000   0000000010000000   
0000011011000000   0000000010100000   1111111111000000   
0000011101100000   0000000001100000   1111111111000000   
0000100000000000   0000000001100000   0000000000000000   
0000100010100000   0000000100000000   0000000010000000   
0000100100000000   0000000001000000   1111111111100000   
0000100101000000   0000000000100000   1111111111100000   
0000100101000000   1111111111100000   1111111111000000   
0000100010100000   1111111010100000   1111111100000000   
0000100000100000   1111111010000000   1111111111100000   
0000011111100000   0000000110000000   0000001001100000   
0000011010000000   1111111000100000   1111111110000000   
0000011101100000   0000000001100000   0000000011100000   
0000010110000000   1111111100000000   1111111010100000   
0000011010000000   0000000110100000   0000000110100000   
0000010011000000   1111111111100000   1111111001000000   
0000010010100000   1111111000100000   1111111001000000   
0000010010100000   0000000000100000   0000000000100000   
0000010100000000   0000000010000000   0000000001000000   
0000010111000000   0000000100000000   0000000010000000   
0000011010000000   0000000100000000   0000000000100000   
0000011110100000   0000000101000000   0000000001000000   
0000100010100000   0000000011100000   1111111111000000   
0000100111100000   0000000101100000   0000000000100000   
0000100010000000   1111111011000000   1111111011000000   
0000110010100000   0000001011100000   0000010000100000   
0000100111000000   1111101110000000   1111101110000000   
0000110010100000   1111111001100000   0000001011100000   
0000111001000000   0000100101100000   0000100101100000   
0000110010100000   1111110011000000   1111111001100000   
0000111111100000   0000000110100000   0000000110100000   
0000110010100000   1111111001100000   1111110011000000   
0000111001000000   0000000110100000   0000000110100000   
0000110010100000   0000000000000000   1111111001100000   
0000110010100000   1111111001100000   1111111001100000   
0000110010100000   0000000000000000   0000000000000000   
0000110010100000   0000000000000000   0000000000000000   
0000110010100000   0000000000000000   0000000000000000   
0000110010100000   0000000000000000   0000000000000000   
0000110010100000   0000000000000000   0000000000000000   
0000110010100000   0000000000000000   0000000000000000   
0000110010100000   0000000000000000   0000000000000000   
0000110010100000   0000000000000000   0000000000000000   
0000110010100000   0000000000000000   0000000000000000   
0000110010100000   0000000000000000   0000000000000000   
0000110010100000   0000000000000000   0000000000000000   
0000110010100000   0000000000000000   0000000000000000   
0000110010100000   0000000000000000   0000000000000000   
0000110010100000   0000000000000000   0000000000000000   
0000110010100000   0000000000000000   0000000000000000   
0000110010100000   0000000000000000   0000000000000000   
0000110010100000   0000000000000000   0000000000000000   
0000110010100000   0000000000000000   0000000000000000   
0000110010100000   0000000000000000   0000000000000000   
0000110010100000   0000000000000000   0000000000000000   
0000110010100000   0000000000000000   0000000000000000   
0000110010100000   0000000000000000   0000000000000000   
0000110010100000   0000000000000000   0000000000000000   
0000110010100000   0000000000000000   0000000000000000   
0000110010100000   0000000000000000   0000000000000000   
0000110010100000   0000000000000000   0000000000000000   
0000110010100000   0000000000000000   0000000000000000   
0000110010100000   0000000000000000   0000000000000000   
0000110010100000   0000000000000000   0000000000000000   
0000110010100000   0000000000000000   0000000000000000   
0000110010100000   0000000000000000   0000000000000000   
0000110010100000   0000000000000000   0000000000000000   
0000110010100000   0000000000000000   0000000000000000   
0000110010100000   0000000000000000   0000000000000000   
0000110010100000   0000000000000000   0000000000000000   
0000110010100000   0000000000000000   0000000000000000   
0000110010100000   0000000000000000   0000000000000000   
0000110010100000   0000000000000000   0000000000000000   
0000110010100000   0000000000000000   0000000000000000   
0000110010100000   0000000000000000   0000000000000000   
0000110010100000   0000000000000000   0000000000000000   
0000110010100000   0000000000000000   0000000000000000   
0000110010100000   0000000000000000   0000000000000000   
0000110010100000   0000000000000000   0000000000000000   
0000110010100000   0000000000000000   0000000000000000   
0000110010100000   0000000000000000   0000000000000000   
0000110010100000   0000000000000000   0000000000000000   
0000110010100000   0000000000000000   0000000000000000   
0000110010100000   0000000000000000   0000000000000000   
0000110010100000   0000000000000000   0000000000000000   
0000111111000000   0000001100100000   0000001100100000   
0000110010100000   1111100111000000   1111100111000000   
0000111101000000   1111110001100000   0000001010100000   
0001001011100000   0001000100100000   0001000100100000   
0000111100000000   1111100001000000   1111110000100000   
0001010111000000   0000001011100000   0000001101100000   
0000110111000000   1111101101100000   1111100010000000   
0001000100100000   0000001111100000   0000010010000000   
0000110001100000   1111111111000000   1111101111100000   
0000101101100000   1111100111000000   1111101001100000   
0000101101000000   0000000001100000   0000000010000000   
0000100111100000   1111111100100000   1111111110100000   
0000101001000000   0000000000000000   0000000011100000   
0000100101000000   1111111011100000   1111111101100000   
0000100110100000   1111111111000000   0000000011100000   
0000100101100000   0000000010100000   0000000011100000   
0000100101100000   0000000001000000   0000000001000000   
0000100101100000   0000000001000000   0000000000100000   
0000100111000000   0000000010000000   0000000001000000   
0000100111000000   1111111111000000   1111111110000000   
0000101000100000   1111111111100000   0000000000100000   
0000101001000000   0000000010100000   0000000010100000   
0000100111100000   1111111101000000   1111111110100000   
0000101000100000   1111111111100000   0000000000100000   
0000100110000000   1111111110000000   1111111110100000   
0000101001000000   0000000110100000   0000000110000000   
0000100111100000   0000000100100000   1111111110000000   
0000100100000000   1111101110100000   1111101110000000   
0000101001000000   0000001001100000   0000000100100000   
0000011111100000   1111111011000000   1111111011000000   
0000101000100000   0000000100000000   0000001001000000   
0000100010100000   1111111001000000   1111111010000000   
