0000001111001000   0000001111001000   0000000111100100   
0000010110100100   0000010000111011   0000000110010010   
0000010111011000   0000001100011110   0000000010010000   
0000010110000110   0000000100011010   1111111111111101   
0000010011011000   1111111111000001   1111111110001011   
0000010000111110   1111111100000000   1111111101111100   
0000001111010000   1111111011101001   1111111110100000   
0000001101100110   1111111100001011   1111111110111101   
0000001100110011   1111111101001110   1111111111011011   
0000001100101000   1111111111000010   0000000000000101   
0000001101001010   0000000000001001   0000000000010100   
0000001101000101   0000000000010000   0000000000010000   
0000001100101101   0000000000000010   0000000000000110   
0000001011110100   1111111111011100   1111111111111100   
0000001011011100   1111111111100001   1111111111111110   
0000001011011001   1111111111110101   0000000000000101   
0000001011011100   0000000000000110   0000000000001000   
0000001011100001   0000000000001101   0000000000001000   
0000001011100011   0000000000001011   0000000000000101   
0000001011100100   0000000000000111   0000000000000010   
0000001100010011   0000000000101010   0000000000001001   
0000001101010111   0000000001001001   0000000000010000   
0000001110001000   0000000001000111   0000000000001010   
0000001110101001   0000000000110111   0000000000000100   
0000001110110000   0000000000010011   1111111111111100   
0000001111011001   0000000000100001   0000000000000001   
0000010000010111   0000000000110111   0000000000000110   
0000010001011100   0000000001000111   0000000000001001   
0000010010111011   0000000001100000   0000000000001101   
0000010100011111   0000000001110000   0000000000001110   
0000010101101100   0000000001011110   0000000000000101   
0000010110101000   0000000001001001   1111111111111101   
0000011000010100   0000000001100110   0000000000000110   
0000011001111111   0000000001110000   0000000000000111   
0000011010110100   0000000001000110   1111111111111101   
0000011011001111   0000000000011111   1111111111110010   
0000011011001100   1111111111110111   1111111111101100   
0000011011000001   1111111111100001   1111111111101011   
0000011010000110   1111111110111001   1111111111100111   
0000011001011000   1111111110110101   1111111111101011   
0000011001001011   1111111111011001   1111111111111011   
0000011001010101   1111111111111010   0000000000000110   
0000011001000100   1111111111110110   0000000000000011   
0000011000001011   1111111111010101   1111111111111000   
0000010111100000   1111111111001101   1111111111111000   
0000010110100011   1111111110111101   1111111111110110   
0000010110010000   1111111111010111   1111111111111110   
0000010101111010   1111111111100011   0000000000000011   
0000010101111001   1111111111111010   0000000000000111   
0000010110010101   0000000000011101   0000000000001101   
0000010111010101   0000000001001010   0000000000010110   
0000011000000110   0000000001001101   0000000000010000   
0000011000010101   0000000000100100   0000000000000000   
0000011000100101   0000000000010100   1111111111111011   
0000011000111110   0000000000010011   1111111111111100   
0000011001011100   0000000000011000   1111111111111111   
0000011001100101   0000000000001100   1111111111111101   
0000011001111100   0000000000010001   0000000000000000   
0000011010000010   0000000000001010   1111111111111110   
0000011010011011   0000000000010101   0000000000000001   
0000011010001100   1111111111110101   1111111111111000   
0000011001001100   1111111111000100   1111111111101100   
0000011000011100   1111111110111011   1111111111101111   
0000010111011110   1111111110110000   1111111111110001   
0000010111001100   1111111111010100   1111111111111011   
0000010111101000   0000000000001011   0000000000001101   
0000010111111101   0000000000011111   0000000000001111   
0000011000000111   0000000000011110   0000000000001010   
0000011000000111   0000000000010011   0000000000000101   
0000010111010111   1111111111100000   1111111111111010   
0000010110100110   1111111111001010   1111111111110110   
0000010101100011   1111111110110110   1111111111110011   
0000010101001110   1111111111011010   0000000000000000   
0000010110001010   0000000000100101   0000000000010111   
0000010111010100   0000000001011011   0000000000011101   
0000010111110100   0000000001000111   0000000000001110   
0000010111011111   0000000000010000   1111111111111111   
0000010110110100   1111111111100011   1111111111110000   
0000010110000100   1111111111000110   1111111111101101   
0000010101011011   1111111111000001   1111111111110000   
0000010100110111   1111111111001010   1111111111110111   
0000010011001100   1111111110011000   1111111111101011   
0000010001100001   1111111110000000   1111111111101010   
0000001111111010   1111111101111101   1111111111110000   
0000001111000110   1111111110101111   1111111111111101   
0000001111000101   1111111111101111   0000000000010001   
0000010001100101   0000000010000101   0000000000101111   
0000010011100011   0000000010101110   0000000000101101   
0000010100110101   0000000010011011   0000000000011111   
0000010101100100   0000000001100000   0000000000001101   
0000010101111001   0000000000101000   1111111111111010   
0000010110000110   0000000000001101   1111111111110100   
0000010110000101   1111111111110100   1111111111110000   
0000010101111111   1111111111101000   1111111111110001   
0000010101111010   1111111111101001   1111111111110100   
0000010101111001   1111111111101111   1111111111111001   
0000010101111010   1111111111110110   1111111111111100   
0000011000100100   0000000001111001   0000000000101001   
0000011001101011   0000000010000000   0000000000100001   
0000011010000011   0000000001001010   0000000000010000   
0000011001100011   1111111111111001   1111111111110110   
0000010111110111   1111111110100010   1111111111011111   
0000010111100110   1111111111001000   1111111111110010   
0000011001011001   0000000000111101   0000000000011001   
0000011011111110   0000000010101100   0000000000101010   
0000011110111011   0000000011100100   0000000000101110   
0000100001011000   0000000011011101   0000000000100010   
0000100011011101   0000000010111101   0000000000001100   
0000100100011101   0000000001110010   1111111111111001   
0000100100100100   0000000000010010   1111111111100111   
0000100100001110   1111111111010100   1111111111011101   
0000100011100000   1111111110110000   1111111111011101   
0000100011001100   1111111111000100   1111111111101100   
0000100011010001   1111111111100010   1111111111111011   
0000100010001101   1111111110111101   1111111111110101   
0000100001000011   1111111110101100   1111111111110011   
0000100000101100   1111111111001101   1111111111111101   
0000100000010110   1111111111100000   0000000000000100   
0000011111100100   1111111111011000   0000000000000001   
0000011110100111   1111111111001000   1111111111111110   
0000011101100100   1111111110111100   1111111111111011   
0000011101010100   1111111111011111   0000000000000111   
0000011101010101   0000000000000101   0000000000001111   
0000011101000101   0000000000000100   0000000000001010   
0000011100010010   1111111111100000   0000000000000001   
0000011010110101   1111111110101110   1111111111110010   
0000011001111001   1111111110110000   1111111111110110   
0000011001010010   1111111111000101   0000000000000000   
0000011010000110   0000000000010010   0000000000010001   
0000011011001110   0000000001010000   0000000000011010   
0000011100001000   0000000001010101   0000000000010100   
0000011100010001   0000000000101111   0000000000000011   
0000011011100000   1111111111011010   1111111111101011   
0000011010111111   1111111111001001   1111111111101100   
0000011011111010   0000000000010100   1111111111111111   
0000011101001100   0000000001000110   0000000000001110   
0000011110011101   0000000001011100   0000000000010000   
0000011110011110   0000000000101000   1111111111111001   
0000011101110011   1111111111101000   1111111111101100   
0000011100101111   1111111110101111   1111111111100101   
0000011011100000   1111111110010101   1111111111100101   
0000011010110010   1111111110101001   1111111111110011   
0000011010001111   1111111111001011   0000000000000000   
0000011001011111   1111111111001111   0000000000000001   
0000011000001100   1111111110110011   1111111111111011   
0000010111110000   1111111111010111   0000000000000111   
0000010101100010   1111111110010010   1111111111110110   
0000010011111101   1111111110001111   1111111111111000   
0000010010011100   1111111110010010   1111111111111011   
0000010001101100   1111111111000000   0000000000000101   
0000010000111011   1111111111010011   0000000000001001   
0000010000011101   1111111111100111   0000000000001100   
0000001111101001   1111111111011010   0000000000000101   
0000001110100111   1111111111001001   1111111111111110   
0000001101100100   1111111110111101   1111111111111100   
0000001100111000   1111111111001100   0000000000000010   
0000001100011001   1111111111011110   0000000000000110   
0000001100010110   1111111111111011   0000000000001110   
0000001100011101   0000000000010001   0000000000010000   
0000001100100100   0000000000011000   0000000000001110   
0000001100100111   0000000000010011   0000000000001001   
0000001100111111   0000000000100000   0000000000001010   
0000001101001000   0000000000010101   0000000000000100   
0000001101000101   0000000000000111   1111111111111111   
0000001101000011   1111111111111111   1111111111111110   
0000001101000001   1111111111111100   1111111111111110   
0000001100111111   1111111111111100   1111111111111110   
0000001110000111   0000000000110011   0000000000010001   
0000010000100111   0000000010001111   0000000000100010   
0000010011010110   0000000011001011   0000000000100111   
0000010110111000   0000000100000111   0000000000101101   
0000011010001100   0000000100001101   0000000000100001   
0000011101010110   0000000011110001   0000000000010000   
0000011111011001   0000000010101101   1111111111110111   
0000100000111010   0000000001100100   1111111111101010   
0000100001110000   0000000000100111   1111111111011110   
0000100010000110   1111111111111000   1111111111011011   
0000100010110000   1111111111111000   1111111111100111   
0000100100001010   0000000000100011   1111111111110110   
0000100101101011   0000000001001101   0000000000000000   
0000100111101110   0000000001111111   0000000000001110   
0000101000010100   0000000001001001   1111111111111010   
0000101011101111   0000000011001001   0000000000011111   
0000101100111101   0000000010001001   0000000000000011   
0000101100011010   1111111111111100   1111111111100110   
0000101011010110   1111111110101100   1111111111010110   
0000101010110001   1111111110100101   1111111111011110   
0000101001011110   1111111110001001   1111111111100000   
0000101000010101   1111111110001001   1111111111100111   
0000100111010000   1111111110011001   1111111111101111   
0000100110101010   1111111111000100   1111111111111111   
0000100110010111   1111111111100010   0000000000001000   
0000100101111110   1111111111101111   0000000000001001   
0000100101111100   0000000000000100   0000000000001101   
0000100110000000   0000000000010001   0000000000001101   
0000100101010100   1111111111101011   1111111111111110   
0000100100010000   1111111111000110   1111111111110110   
0000100011110110   1111111111010100   1111111111111110   
0000100011011100   1111111111011110   0000000000000001   
0000100010100111   1111111111001111   1111111111111110   
0000100001001110   1111111110101000   1111111111110100   
0000011111111110   1111111110100010   1111111111110110   
0000011111101000   1111111111011010   0000000000001000   
0000100000001110   0000000000011101   0000000000011010   
0000100000100011   0000000000110000   0000000000011001   
0000100001000101   0000000000111101   0000000000010101   
0000100001101001   0000000000111111   0000000000010001   
0000100001110010   0000000000101000   0000000000000100   
0000100001010001   1111111111111001   1111111111111001   
0000011111111011   1111111110110000   1111111111101100   
0000011101110011   1111111101101000   1111111111011110   
0000011011011111   1111111101001001   1111111111011111   
0000011001010010   1111111101001111   1111111111101010   
0000011000100010   1111111110011100   0000000000001000   
0000011000100000   1111111111110101   0000000000011000   
0000011001100101   0000000001010000   0000000000101100   
0000011010100101   0000000001110000   0000000000101001   
0000011010111101   0000000001010111   0000000000010011   
0000011010110110   0000000000101001   0000000000000101   
0000011010110000   0000000000000111   1111111111111101   
0000011101100110   0000000010100100   0000000000101001   
0000011111001110   0000000010011111   0000000000011011   
0000011111010011   0000000000101101   1111111111110101   
0000011101111110   1111111110111110   1111111111010111   
0000011100100111   1111111110000100   1111111111010100   
0000011011101011   1111111110001101   1111111111100100   
0000011011011110   1111111110111110   1111111111110101   
0000011011100111   1111111111101011   0000000000001000   
0000011011011101   1111111111111011   0000000000001010   
0000011011000110   1111111111110110   0000000000000111   
0000011010100111   1111111111101010   0000000000000010   
0000011010011101   1111111111110101   0000000000000101   
0000011010011101   0000000000000100   0000000000001000   
0000011010100000   0000000000001011   0000000000001000   
0000011001011011   1111111111010000   1111111111111011   
0000011000001011   1111111110110000   1111111111110011   
0000010111101111   1111111111001010   1111111111111100   
0000011000000110   0000000000000000   0000000000001111   
0000011001101001   0000000001010100   0000000000011110   
0000011010111111   0000000001110100   0000000000011110   
0000011100100101   0000000010000101   0000000000011010   
0000011110001000   0000000010000101   0000000000010010   
0000011111101011   0000000001111000   0000000000001010   
0000100000101101   0000000001011000   1111111111111101   
0000100001010001   0000000000101010   1111111111110100   
0000100001100111   0000000000001101   1111111111101111   
0000100001111101   0000000000000011   1111111111110001   
0000100001010000   1111111111010000   1111111111100101   
0000011111010010   1111111101111111   1111111111011001   
0000011101110100   1111111101110101   1111111111011111   
0000011011111010   1111111101100100   1111111111100011   
0000011001111010   1111111101011100   1111111111101001   
0000011000111110   1111111110100100   0000000000000011   
0000011001001000   1111111111110110   0000000000011011   
0000010111100000   1111111111000010   0000000000001011   
0000010101110001   1111111110100100   1111111111111111   
0000010100110101   1111111110111011   0000000000000100   
0000010100010100   1111111111011010   0000000000001101   
0000010011111101   1111111111110001   0000000000001111   
0000010011001100   1111111111100011   0000000000001001   
0000010010100100   1111111111100010   0000000000000110   
0000010001100111   1111111111010000   1111111111111111   
0000010000100110   1111111110111111   1111111111111011   
0000001110101101   1111111110001111   1111111111101110   
0000001101101111   1111111110101000   1111111111110111   
0000001100011110   1111111110100101   1111111111111001   
0000001100001001   1111111111010010   0000000000000101   
0000001011110111   1111111111101100   0000000000001100   
0000001100010101   0000000000011010   0000000000010100   
0000001100111100   0000000000111001   0000000000010110   
0000001101001101   0000000000101011   0000000000001100   
0000001101111111   0000000000111100   0000000000001110   
0000001110111111   0000000001001101   0000000000001111   
0000010000000010   0000000001010101   0000000000001101   
0000010001011110   0000000001101000   0000000000001110   
0000010010101010   0000000001011110   0000000000000111   
0000010011010010   0000000000111101   1111111111111110   
0000010010100100   1111111111101011   1111111111100011   
0000010000110101   1111111110010000   1111111111010101   
0000001111011001   1111111101110110   1111111111011000   
0000010000000100   1111111111110100   0000000000000101   
0000010001100111   0000000001001110   0000000000011111   
0000010010111101   0000000001110101   0000000000100001   
0000010100001001   0000000001110111   0000000000011000   
0000010100111000   0000000001010011   0000000000001100   
0000010110000011   0000000001011000   0000000000001010   
0000010111011111   0000000001100101   0000000000001011   
0000011000101001   0000000001011100   0000000000000100   
0000011000110011   0000000000100111   1111111111110111   
0000011000101111   1111111111111010   1111111111110000   
0000010110010010   1111111101100000   1111111111001010   
0000010011100011   1111111100011111   1111111111000111   
0000010001111001   1111111101010011   1111111111100101   
0000010001000100   1111111110010101   0000000000000001   
0000010000001110   1111111111000010   0000000000001010   
0000001111011100   1111111111010110   0000000000001101   
0000001111010101   1111111111111101   0000000000010011   
0000001111000101   0000000000000110   0000000000010000   
0000001111000010   0000000000010000   0000000000001111   
0000001110101101   0000000000000000   0000000000001001   
0000001110001011   1111111111101010   0000000000000001   
0000001101100100   1111111111011110   1111111111111101   
0000001101000001   1111111111011010   1111111111111101   
0000001100111001   1111111111101110   0000000000000100   
0000001100100010   1111111111101110   0000000000000011   
0000001100000100   1111111111100111   0000000000000000   
0000001011001011   1111111111001111   1111111111111011   
0000001010011111   1111111111001101   1111111111111100   
0000001010010110   1111111111100110   0000000000000011   
0000001001111111   1111111111101100   0000000000000100   
0000001010010011   0000000000010100   0000000000001110   
0000001010100001   0000000000011110   0000000000001101   
0000001011011000   0000000001000010   0000000000010011   
0000001110000111   0000000010101001   0000000000101100   
0000010000001100   0000000010110111   0000000000100110   
0000010001100001   0000000010001011   0000000000001101   
0000010001101011   0000000000110111   1111111111111000   
0000010001000001   1111111111100110   1111111111100000   
0000010000000111   1111111110110000   1111111111011011   
0000001111010110   1111111110100101   1111111111100000   
0000001110101111   1111111110110100   1111111111101101   
0000001111001001   1111111111101111   0000000000000100   
0000001111101110   0000000000100101   0000000000010010   
0000010000011110   0000000000111111   0000000000010100   
0000010001000111   0000000001000001   0000000000010000   
0000010001010010   0000000000100100   0000000000000011   
0000010001111110   0000000000101101   0000000000000100   
0000010010100011   0000000000101011   0000000000000010   
0000010011000011   0000000000100101   0000000000000000   
0000010011100010   0000000000100000   1111111111111111   
0000010100000001   0000000000011110   1111111111111111   
0000010100111010   0000000000110010   0000000000000101   
0000010101111011   0000000001000101   0000000000001001   
0000010111000000   0000000001001110   0000000000001001   
0000011000000100   0000000001001110   0000000000000111   
0000011000010101   0000000000100010   1111111111111000   
0000011000001110   1111111111111011   1111111111110001   
0000011000110010   0000000000001011   1111111111111011   
0000011001110011   0000000000101100   0000000000000011   
0000011010100000   0000000000110000   0000000000000011   
0000011011000100   0000000000101000   0000000000000000   
0000011011001000   0000000000001101   1111111111111000   
0000011011000101   1111111111110111   1111111111110100   
0000011010100101   1111111111011010   1111111111101111   
0000011010000000   1111111111001010   1111111111101111   
0000011001110011   1111111111011011   1111111111111001   
0000011001011100   1111111111011110   1111111111111011   
0000011001010111   1111111111101110   0000000000000010   
0000011010101001   0000000000110101   0000000000010001   
0000011100010000   0000000001101111   0000000000011001   
0000011101101000   0000000001110011   0000000000010011   
0000011110010001   0000000001001101   0000000000000010   
0000011110011000   0000000000001110   1111111111110000   
0000011110100001   1111111111111010   1111111111101111   
0000011110011111   1111111111101100   1111111111110000   
0000011110011011   1111111111101001   1111111111110100   
0000011110011001   1111111111101101   1111111111111000   
0000011111001010   0000000000011000   0000000000001001   
0000100000010100   0000000001000100   0000000000010001   
0000100001000110   0000000001000110   0000000000001110   
0000100001010011   0000000000100000   0000000000000000   
0000100001001010   0000000000000000   1111111111110110   
0000100001011011   0000000000000101   1111111111111010   
0000100001111010   0000000000010011   0000000000000000   
0000100010000011   0000000000001011   1111111111111110   
0000100010011100   0000000000010100   0000000000000001   
0000100001110100   1111111111101000   1111111111110111   
0000100000101111   1111111110111101   1111111111101100   
0000011111100010   1111111110100010   1111111111101011   
0000011110110001   1111111110110011   1111111111110011   
0000011110010001   1111111111001111   1111111111111110   
0000011101111010   1111111111100001   0000000000000100   
0000011110100111   0000000000101010   0000000000010111   
0000011111000011   0000000000110110   0000000000010100   
0000100011010110   0000000100000010   0000000000111001   
0000100101111110   0000000011110000   0000000000100011   
0000100110111100   0000000010001101   0000000000000101   
0000100111001010   0000000000110011   1111111111100101   
0000100110110001   1111111111100100   1111111111011001   
0000100110110101   1111111111011000   1111111111011110   
0000100110110011   1111111111011001   1111111111101000   
0000100110110110   1111111111100010   1111111111110010   
0000100111001110   0000000000000110   0000000000000000   
0000100111000100   1111111111111010   1111111111111100   
0000100110010000   1111111111001111   1111111111110100   
0000100101001000   1111111110110000   1111111111101110   
0000100100010110   1111111110110101   1111111111110011   
0000100100001011   1111111111011000   0000000000000011   
0000100100010101   1111111111111101   0000000000001011   
0000100100000101   1111111111111101   0000000000001001   
0000100011101001   1111111111101111   0000000000000011   
0000100010101011   1111111111001111   1111111111111001   
0000100010010111   1111111111100010   0000000000000000   
0000100011001101   0000000000100010   0000000000010011   
0000100100101100   0000000001101000   0000000000011101   
0000100110110101   0000000010100001   0000000000100101   
0000101000010110   0000000010010110   0000000000011010   
0000101000101011   0000000001001111   1111111111111010   
0000101000110001   0000000000010110   1111111111101111   
0000100111111010   1111111111000101   1111111111100010   
0000100110010000   1111111101111100   1111111111010110   
0000100101010000   1111111110000111   1111111111100110   
0000100100001110   1111111110011111   1111111111110100   
0000100010111100   1111111110011111   1111111111111000   
0000100010001111   1111111111000010   0000000000000001   
0000100011010100   0000000000110000   0000000000100010   
0000100101001001   0000000010000110   0000000000101110   
0000100110010100   0000000010001000   0000000000011111   
0000100110011101   0000000001001111   0000000000001100   
0000100110011011   0000000000011000   1111111111111111   
0000100110001101   1111111111110100   1111111111110101   
0000100110000000   1111111111101000   1111111111110101   
0000100110101010   0000000000011010   0000000000000110   
0000100110100111   0000000000001010   1111111111111111   
0000100110001100   1111111111101010   1111111111111001   
0000100101100110   1111111111010101   1111111111110101   
0000100100111111   1111111111001101   1111111111110110   
0000100100000011   1111111110111100   1111111111110100   
0000100011000000   1111111110110001   1111111111110100   
0000100001100100   1111111110011010   1111111111110010   
0000100000000000   1111111110001101   1111111111110010   
0000011110011100   1111111110001011   1111111111110110   
0000011100111010   1111111110010010   1111111111111011   
0000011011011100   1111111110011010   1111111111111111   
0000011001111110   1111111110011111   0000000000000000   
0000011000011111   1111111110100001   0000000000000001   
0000010110101000   1111111110010000   1111111111111101   
0000010100111110   1111111110010010   1111111111111111   
0000010011011101   1111111110011010   0000000000000001   
0000010001111110   1111111110100001   0000000000000010   
0000010000100000   1111111110100100   0000000000000010   
0000001111011011   1111111110111000   0000000000000111   
0000001110011101   1111111111001000   0000000000001001   
0000001110010101   1111111111110110   0000000000010100   
0000001110011011   0000000000010111   0000000000010111   
0000001110111101   0000000000110111   0000000000011010   
0000001111111101   0000000001011000   0000000000011100   
0000010001000101   0000000001101000   0000000000011000   
0000010010001000   0000000001100111   0000000000010010   
0000010011111100   0000000010000100   0000000000010100   
0000010111001000   0000000011011010   0000000000100110   
0000011010000110   0000000011101011   0000000000100000   
0000011100000100   0000000010100111   0000000000000101   
0000011101010100   0000000001101001   1111111111110001   
0000011110001111   0000000000110100   1111111111101001   
0000011110010001   1111111111110011   1111111111011100   
0000011111100001   0000000000010101   1111111111101100   
0000011111100110   1111111111110101   1111111111101000   
0000011110101011   1111111110111100   1111111111100001   
0000011101100010   1111111110011001   1111111111100000   
0000011011100111   1111111101100110   1111111111011011   
0000011010010000   1111111101110101   1111111111101011   
0000011001001001   1111111110011111   1111111111111100   
0000011001001010   1111111111100110   0000000000010011   
0000011010011100   0000000001010011   0000000000100101   
0000011101000100   0000000010111111   0000000000111010   
0000011111010001   0000000011010011   0000000000110010   
0000100001000001   0000000010111011   0000000000011001   
0000011101111001   1111111111001000   1111111111011110   
0000011101000000   1111111110100101   1111111111011110   
0000011101011001   1111111111101110   1111111111111011   
0000011101110101   0000000000001101   0000000000000110   
0000011101101001   1111111111111100   0000000000000000   
0000011101111011   0000000000001101   0000000000000101   
0000011110000010   0000000000001101   0000000000000100   
0000011110110100   0000000000110000   0000000000001101   
0000011111100001   0000000000111011   0000000000001101   
0000100000000111   0000000000111000   0000000000001000   
0000100000100110   0000000000101111   0000000000000100   
0000100000101101   0000000000010010   1111111111111101   
0000011111111000   1111111111001110   1111111111101011   
0000011110100111   1111111110100001   1111111111100100   
0000011101000010   1111111110000000   1111111111100011   
0000011011110100   1111111110001010   1111111111101111   
0000011011001000   1111111110110110   1111111111111011   
0000011010110000   1111111111011010   0000000000000111   
0000011010011011   1111111111101101   0000000000001010   
0000011010011010   0000000000000101   0000000000001111   
0000011100001000   0000000001011101   0000000000011111   
0000011111011001   0000000011011101   0000000000110010   
0000100010001110   0000000011101010   0000000000101000   
0000100010101111   0000000001110111   1111111111111010   
0000100011110010   0000000001000001   1111111111101101   
0000100100001010   0000000000001110   1111111111100011   
0000100100000110   1111111111100010   1111111111100000   
0000100100101010   1111111111111001   1111111111110001   
0000100100111001   1111111111111010   1111111111110101   
0000100100111101   1111111111110110   1111111111110111   
0000100100100100   1111111111100010   1111111111110101   
0000100100011010   1111111111100111   1111111111111000   
0000100100011000   1111111111110100   1111111111111110   
0000100100110110   0000000000010011   0000000000001000   
0000100101110010   0000000001000001   0000000000010010   
0000100110001010   0000000000110011   0000000000001000   
0000100110111111   0000000000111101   0000000000001000   
0000100111100111   0000000000110100   0000000000000011   
0000100111101111   0000000000010110   1111111111111100   
0000100111010001   1111111111101011   1111111111101111   
0000100110001011   1111111110111000   1111111111101000   
0000100101000001   1111111110011110   1111111111101000   
0000100011111000   1111111110011101   1111111111101110   
0000100011101100   1111111111001110   0000000000000010   
0000100011101111   0000000000000000   0000000000001111   
0000100100010111   0000000000101110   0000000000011000   
0000100100010001   0000000000011011   0000000000001111   
0000100100001011   0000000000001111   0000000000000111   
0000100010111111   1111111111010001   1111111111111000   
0000100001101100   1111111110101110   1111111111101111   
0000100000011111   1111111110100000   1111111111110000   
0000011111000000   1111111110010001   1111111111110000   
0000011101011100   1111111110001011   1111111111110011   
0000011100010101   1111111110100010   1111111111111110   
0000011011101110   1111111111010010   0000000000001100   
0000011011011010   1111111111110010   0000000000010010   
0000011010101011   1111111111101001   0000000000001101   
0000011001101101   1111111111010110   0000000000000011   
0000011000010001   1111111110110011   1111111111111011   
0000010111000001   1111111110101100   1111111111111010   
0000010110110000   1111111111010101   0000000000000100   
0000010110011001   1111111111101010   0000000000000111   
0000010110000001   1111111111101111   0000000000000110   
0000010101001001   1111111111010111   1111111111111101   
0000010011110000   1111111110101000   1111111111110001   
0000010010111001   1111111110110010   1111111111111001   
0000010011000011   1111111111110100   0000000000001000   
0000010011101110   0000000000101010   0000000000010110   
0000010100011110   0000000001000101   0000000000010111   
0000010100110001   0000000000110110   0000000000001010   
0000010100101101   0000000000011000   0000000000000001   
0000010011111001   1111111111011010   1111111111110100   
0000010011000101   1111111111000001   1111111111110000   
0000010010000001   1111111110101101   1111111111101111   
0000010000111100   1111111110101000   1111111111110010   
0000010000010101   1111111111000000   1111111111111101   
0000001111110101   1111111111011000   0000000000000010   
0000001111011011   1111111111100110   0000000000000110   
0000001111011000   1111111111111101   0000000000001010   
0000001111011101   0000000000001101   0000000000001100   
0000010000010110   0000000000110111   0000000000010011   
0000010000010011   0000000000011010   0000000000001001   
0000010000001011   0000000000000100   0000000000000001   
0000010000000011   1111111111111100   1111111111111110   
0000010001001000   0000000000111101   0000000000010000   
0000010010000001   0000000001001010   0000000000001111   
0000010010101011   0000000000111110   0000000000001010   
0000010011100010   0000000001000010   0000000000001000   
0000010011110001   0000000000100100   0000000000000000   
0000010011101101   0000000000000110   1111111111110110   
0000010011001010   1111111111011111   1111111111110000   
0000010010001010   1111111110110101   1111111111101011   
0000010001000000   1111111110100001   1111111111101011   
0000001111000110   1111111101110111   1111111111100101   
0000001100111111   1111111101011110   1111111111100110   
0000001011101101   1111111110000010   1111111111111001   
0000001010101100   1111111110101110   0000000000000011   
0000001010100111   1111111111110001   0000000000010110   
0000001011001110   0000000000110000   0000000000011111   
0000001011101000   0000000000111110   0000000000011001   
0000001011101101   0000000000110000   0000000000010000   
0000001011010111   0000000000000110   0000000000000100   
0000001011000111   1111111111110110   1111111111111111   
0000001010100101   1111111111100011   1111111111111010   
0000001011001010   0000000000011010   0000000000001011   
0000001100101111   0000000001011111   0000000000011100   
0000001110000100   0000000001110010   0000000000011010   
0000001111100110   0000000001111110   0000000000010110   
0000010001001001   0000000010000000   0000000000010010   
0000010010101010   0000000001111011   0000000000001010   
0000010100000111   0000000001110000   0000000000000101   
0000010101100110   0000000001100111   0000000000000010   
0000010111000011   0000000001100000   0000000000000000   
0000011000111011   0000000001110010   0000000000000101   
0000011010001011   0000000001011000   1111111111111101   
0000011010010011   0000000000010111   1111111111101010   
0000011010111011   0000000000001111   1111111111101101   
0000011100001011   0000000000110010   1111111111111101   
0000011110000111   0000000001100111   0000000000001001   
0000011110110100   0000000001000100   1111111111111010   
0000101110001101   0000001010111001   0000000010000111   
0000110100001010   0000001000111000   0000000001010010   
0000110100110001   0000000010100101   1111111111001110   
0000110010001100   1111111101110101   1111111110000010   
0000101111101000   1111111011100000   1111111101111100   
0000101101000100   1111111010111011   1111111110011001   
0000101010101000   1111111011100001   1111111110110101   
0000101000010010   1111111100001000   1111111111010111   
0000100110010111   1111111100111100   1111111111101100   
0000100100100101   1111111101100101   0000000000000000   
0000100010110110   1111111110000011   0000000000000111   
0000100000111110   1111111110001110   0000000000001000   
0000011111011011   1111111110100100   0000000000001100   
0000011110000000   1111111110110001   0000000000001100   
0000011100111100   1111111111000111   0000000000001111   
0000011100011011   1111111111101000   0000000000010100   
0000011100110001   0000000000100010   0000000000011100   
0000011101011101   0000000001000110   0000000000011110   
0000011110001001   0000000001010000   0000000000011010   
0000011110010110   0000000000111000   0000000000001001   
0000011110101001   0000000000100111   0000000000000011   
0000011110010100   1111111111111000   1111111111111001   
0000011101010011   1111111110111101   1111111111101011   
0000011100011101   1111111110110010   1111111111101110   
0000011011011100   1111111110101100   1111111111110001   
0000011010110110   1111111111000000   1111111111111100   
0000011010101110   1111111111101010   0000000000000101   
0000011010011110   1111111111110100   0000000000000111   
0000011011001101   0000000000100111   0000000000010001   
0000011101011101   0000000010000111   0000000000101011   
0000011111100001   0000000010110000   0000000000101011   
0000100000001100   0000000001101100   0000000000010101   
0000011110111110   1111111111010111   1111111111100111   
0000011100011100   1111111101100001   1111111111001011   
0000011010010111   1111111101000100   1111111111010010   
0000011001111011   1111111110010001   1111111111110111   
0000011000110011   1111111110101001   1111111111111110   
0000011001101111   0000000000100010   0000000000100011   
0000011100010100   0000000010100111   0000000000111001   
0000011110001111   0000000010111111   0000000000101110   
0000011111011011   0000000010011101   0000000000011100   
0000100000000110   0000000001011010   0000000000001001   
0000100000011000   0000000000100001   1111111111110111   
0000100000111111   0000000000011100   1111111111111000   
0000100010001111   0000000001000011   0000000000000101   
0000100011000011   0000000000111101   0000000000000010   
0000100100000000   0000000000111111   0000000000000010   
0000100100101000   0000000000101110   1111111111111100   
0000100011111110   1111111111101000   1111111111101101   
0000100010000010   1111111110001010   1111111111010100   
0000011111101000   1111111101000101   1111111111001111   
0000100000010011   1111111111010100   1111111111110101   
0000100011101010   0000000010110110   0000000000110110   
0000100111010100   0000000100010100   0000000001000010   
0000101001010010   0000000011001101   0000000000011101   
0000101001010000   0000000001001011   1111111111101101   
0000101001010111   1111111111111111   1111111111100010   
0000101001011110   1111111111100111   1111111111100100   
0000101001011001   1111111111011010   1111111111100111   
0000101001101101   1111111111101100   1111111111110101   
0000101010010011   0000000000001001   1111111111111110   
0000101010110111   0000000000011110   0000000000000011   
0000101011011101   0000000000101001   0000000000000101   
0000101100110101   0000000001010010   0000000000010000   
0000101100100010   0000000000000101   1111111111110111   
0000101010011111   1111111110010100   1111111111011000   
0000101000111101   1111111101110100   1111111111011010   
0000101000011100   1111111110100111   1111111111110101   
0000101001101001   0000000000011000   0000000000010001   
0000101011100000   0000000001110000   0000000000101001   
0000101100101001   0000000001111110   0000000000100011   
0000101101000010   0000000001001101   0000000000010010   
0000101100111100   0000000000010011   1111111111111101   
0000101101011101   0000000000011011   0000000000000000   
0000101110101110   0000000001001101   0000000000001110   
0000101111111111   0000000001011110   0000000000001111   
0000110000101111   0000000001000111   0000000000000111   
0000110000110110   0000000000011000   1111111111110111   
0000101111111100   1111111111010001   1111111111101001   
0000101111011011   1111111111000101   1111111111101101   
0000110000001000   1111111111111010   1111111111111101   
0000110000110001   0000000000011110   0000000000000101   
0000110000101100   0000000000000011   1111111111111100   
0000110000100011   1111111111110110   1111111111111001   
0000110000110110   0000000000001010   0000000000000000   
0000110001110100   0000000000110010   0000000000001100   
0000110010111010   0000000001001110   0000000000001111   
0000110100110010   0000000010000000   0000000000011010   
0000110101110101   0000000001101100   0000000000010000   
0000110110011000   0000000001000101   1111111111111110   
0000110110010001   0000000000001111   1111111111110010   
0000110110001000   1111111111101101   1111111111101110   
0000110101100101   1111111111001101   1111111111101010   
0000110100001001   1111111110011000   1111111111100001   
0000110011101000   1111111110111010   1111111111110011   
0000110100100010   0000000000010000   0000000000010001   
0000110100111101   0000000000101010   0000000000010011   
0000110100110010   0000000000010001   0000000000000110   
0000110100010001   1111111111110001   1111111111111110   
0000110000010001   1111111100111010   1111111111000010   
0000101110010000   1111111100101100   1111111111001101   
0000101110101111   1111111111000100   1111111111110110   
0000110001101101   0000000010011111   0000000000110100   
0000110110111000   0000000101011000   0000000001011100   
0000111100011100   0000000110111111   0000000001011111   
0001000001011101   0000000110111101   0000000001000010   
0001000101011111   0000000101100011   0000000000100011   
0001000110001001   0000000010000001   1111111111010101   
0001000111010011   0000000000101100   1111111111001100   
0001000111010000   1111111111010101   1111111111000000   
0001000111101111   1111111111001000   1111111111001011   
0001001001001110   0000000000010001   1111111111100100   
0001001011110000   0000000001111010   0000000000001000   
0001001101100010   0000000001111100   0000000000000110   
0001001101101000   0000000000010101   1111111111101000   
0001001101001011   1111111111010111   1111111111011101   
0001001100100001   1111111110110011   1111111111011101   
0001001100100101   1111111111010100   1111111111110001   
0001001011111110   1111111111001001   1111111111110010   
0001001011110010   1111111111011011   1111111111111101   
0001001000100110   1111111101100101   1111111111100011   
0001000101010011   1111111100011001   1111111111011010   
0001000010101011   1111111100101101   1111111111101010   
0001000001111011   1111111110010100   0000000000010000   
0001000010010100   0000000000011110   0000000000110001   
0001000010100011   0000000001000100   0000000000101110   
0001000010000010   0000000000011110   0000000000011101   
0001000001000000   1111111111101011   0000000000000101   
0000111111011011   1111111110110100   1111111111111000   
0000111100111100   1111111101101110   1111111111100011   
0000111010100010   1111111101001011   1111111111100010   
0000111000010011   1111111101001101   1111111111101000   
0000110101111000   1111111101001011   1111111111101110   
0000110011110101   1111111101011111   1111111111111001   
0000110001011101   1111111101100000   1111111111111011   
0000101110111111   1111111101011101   1111111111111100   
0000101100011111   1111111101011100   1111111111111101   
0000101001111111   1111111101011100   1111111111111110   
0000100111110111   1111111101101111   0000000000000011   
0000100101111010   1111111110000001   0000000000001000   
0000100100011001   1111111110011110   0000000000001101   
0000100010100110   1111111110011101   0000000000001010   
0000100001000001   1111111110100101   0000000000001001   
0000100000101111   1111111111100110   0000000000011010   
0000011110100101   1111111110011010   1111111111111110   
0000011101000000   1111111110011001   1111111111111110   
0000011011011110   1111111110011011   1111111111111111   
0000011001111110   1111111110011110   0000000000000000   
0000011000000111   1111111110001110   1111111111111101   
0000010110011101   1111111110010001   1111111111111111   
0000010100111101   1111111110011010   0000000000000001   
0000010011011110   1111111110100001   0000000000000010   
0000010010011000   1111111110111010   0000000000001000   
0000010001110111   1111111111011111   0000000000010001   
0000010001110110   0000000000001101   0000000000011001   
0000010010000001   0000000000100100   0000000000011000   
0000010010001001   0000000000100101   0000000000010011   
0000010010111100   0000000001000011   0000000000010110   
0000010011101000   0000000001001000   0000000000010010   
0000010011110100   0000000000101101   0000000000000011   
0000010100000110   0000000000011101   1111111111111111   
0000010100001001   0000000000000110   1111111111111011   
0000010100000100   1111111111110111   1111111111111000   
0000010011111111   1111111111110010   1111111111111001   
0000010011111100   1111111111110101   1111111111111100   
0000010011111101   1111111111111010   1111111111111111   
0000010011111110   1111111111111111   0000000000000000   
0000010011111111   0000000000000001   0000000000000001   
0000010100000000   0000000000000010   0000000000000001   
0000010100000001   0000000000000010   0000000000000001   
0000010100000001   0000000000000001   0000000000000001   
0000010100000001   0000000000000001   0000000000000001   
0000010100000001   0000000000000001   0000000000000001   
0000010100000000   0000000000000001   0000000000000001   
0000010100000000   0000000000000001   0000000000000001   
0000010100000000   0000000000000001   0000000000000001   
0000010100000000   0000000000000001   0000000000000001   
0000010100000000   0000000000000001   0000000000000001   
0000010100000000   0000000000000001   0000000000000001   
0000010100000000   0000000000000001   0000000000000001   
0000010100000000   0000000000000001   0000000000000001   
0000010100000000   0000000000000001   0000000000000001   
0000010100000000   0000000000000001   0000000000000001   
0000010100000000   0000000000000001   0000000000000001   
0000010100000000   0000000000000001   0000000000000001   
0000010100000000   0000000000000001   0000000000000001   
0000010100000000   0000000000000001   0000000000000001   
0000010100000000   0000000000000001   0000000000000001   
0000010100000000   0000000000000001   0000000000000001   
0000010100000000   0000000000000001   0000000000000001   
0000010100000000   0000000000000001   0000000000000001   
0000010100000000   0000000000000001   0000000000000001   
0000010100000000   0000000000000001   0000000000000001   
0000010100000000   0000000000000001   0000000000000001   
0000010100000000   0000000000000001   0000000000000001   
0000010100000000   0000000000000001   0000000000000001   
0000010100000000   0000000000000001   0000000000000001   
0000010100000000   0000000000000001   0000000000000001   
0000010100000000   0000000000000001   0000000000000001   
0000010100000000   0000000000000001   0000000000000001   
0000010100000000   0000000000000001   0000000000000001   
0000100001001000   0000001010111101   0000000010001101   
0000100111100001   0000001000111111   0000000001000100   
0000101000110010   0000000100000111   1111111111010010   
0000101001001110   0000000000000010   1111111110010111   
0000101000101001   1111111101111011   1111111110001110   
0000101000011001   1111111101101011   1111111110100010   
0000101000010001   1111111110000011   1111111111000101   
0000101000101101   1111111110111011   1111111111011111   
0000101001000010   1111111111011110   1111111111110110   
0000101001010100   1111111111111000   1111111111111110   
0000101001110011   0000000000010111   0000000000000101   
0000101001101011   1111111111111111   1111111111111101   
0000101000101110   1111111111001110   1111111111101111   
0000100111100111   1111111110101010   1111111111101010   
0000100111010001   1111111111000101   1111111111111001   
0000100101101110   1111111110011100   1111111111110010   
0000100101001011   1111111111000100   0000000000000010   
0000100101001100   1111111111110100   0000000000001100   
0000100110001000   0000000000110110   0000000000011110   
0000100111000000   0000000001010101   0000000000011110   
0000100111101101   0000000001010010   0000000000010111   
0000101001000000   0000000001101010   0000000000010111   
0000101001101110   0000000001010011   0000000000001001   
0000101010010000   0000000000101111   1111111111111101   
0000101011000000   0000000000101101   1111111111111101   
0000101100010011   0000000001001010   0000000000000011   
0000101101011111   0000000001001111   0000000000000100   
0000101110001100   0000000000111001   1111111111111110   
0000101110010001   0000000000010000   1111111111110001   
0000101110000110   1111111111101110   1111111111101101   
0000101101100101   1111111111001111   1111111111101011   
0000101100111101   1111111111000010   1111111111101101   
0000101100011010   1111111111000100   1111111111110011   
0000101011100000   1111111110111000   1111111111110011   
0000101010011111   1111111110110000   1111111111110101   
0000101001000100   1111111110011100   1111111111110011   
0000100111100000   1111111110001111   1111111111110011   
0000100110101100   1111111110110000   1111111111111101   
0000100110111111   1111111111110111   0000000000010110   
0000101000001100   0000000001001001   0000000000100011   
0000101010100101   0000000010101111   0000000000110000   
0000101110100101   0000000100101001   0000000001000100   
0000110011110111   0000000110001100   0000000001001101   
0000111000111001   0000000110010101   0000000000111010   
0000111101110101   0000000110001010   0000000000100101   
0001000010100000   0000000101100000   0000000000010101   
0001000110111000   0000000100111001   0000000000000011   
0001001010000100   0000000011101010   1111111111110001   
0001001100011100   0000000010011101   1111111111011100   
0001001101010111   0000000000110101   1111111111001101   
0001001101010011   1111111111010011   1111111111000100   
0001001100111010   1111111110101001   1111111111001001   
0001001100101111   1111111110101100   1111111111011010   
0001001100100111   1111111111001011   1111111111101101   
0001001100010111   1111111111010101   1111111111110110   
0001001011111011   1111111111011000   1111111111111001   
0001001011011101   1111111111011001   1111111111111011   
0001001010111110   1111111111011010   1111111111111100   
0001001010000110   1111111111001001   1111111111111000   
0001001000101001   1111111110100111   1111111111110010   
0001010101010100   0000001010000111   0000000010001000   
0001011001110111   0000000111001000   0000000000101111   
0001010111101010   0000000000101100   1111111110100101   
0001010100101110   1111111011111100   1111111101101011   
0001010000001000   1111111001001101   1111111101100011   
0001001010001101   1111110111011111   1111111101101100   
0001000011000011   1111110110010100   1111111110000010   
0000111011101110   1111110110000111   1111111110011011   
0000110110000101   1111110111101110   1111111111011111   
0000110010110110   1111111010101100   0000000000010001   
0000110001101001   1111111110011000   0000000000111101   
0000110010010000   0000000001011000   0000000001100001   
0000110010101110   0000000010001100   0000000001010100   
0000110010101111   0000000001100000   0000000000110001   
0000110001100111   0000000000010000   0000000000001010   
0000110000110110   1111111111100100   1111111111111111   
0000110000000111   1111111111010011   1111111111111010   
0000101111110111   1111111111100010   1111111111111111   
0000101111000110   1111111111010011   1111111111111010   
0000101111010011   1111111111110101   0000000000000011   
0000101111011010   0000000000000111   0000000000000110   
0000101110110000   1111111111100000   1111111111111010   
0000101100110101   1111111110010100   1111111111100101   
0000101011000010   1111111101110011   1111111111100011   
0000101001011000   1111111101110001   1111111111101011   
0000101001101010   1111111111100010   0000000000000110   
0000101010001011   0000000000011101   0000000000010110   
0000101100000010   0000000001110111   0000000000100101   
0000101100110110   0000000001101010   0000000000010100   
0000101010110110   1111111111011100   1111111111110000   
0000101000100101   1111111101110001   1111111111011110   
0000100111111110   1111111110101110   1111111111111000   
0000101000111110   0000000000010111   0000000000011010   
0000101001110101   0000000001001111   0000000000100010   
0000101001011001   0000000000011111   0000000000001001   
0000101000000110   1111111111001001   1111111111110110   
0000100110010100   1111111110001110   1111111111100111   
0000100100100001   1111111101110100   1111111111100111   
0000100011001101   1111111110000101   1111111111110101   
0000100010101011   1111111110111000   0000000000000011   
0000100010010001   1111111111100001   0000000000001011   
0000100001111101   1111111111110110   0000000000001110   
0000100001100100   1111111111111000   0000000000001010   
0000100001011111   0000000000000101   0000000000001011   
0000100001100001   0000000000001110   0000000000001010   
0000100001100100   0000000000001111   0000000000001000   
0000100001100101   0000000000001011   0000000000000100   
0000100001001100   1111111111110100   1111111111111110   
0000100001000000   1111111111110010   1111111111111110   
0000100001110001   0000000000011100   0000000000001000   
0000100010011011   0000000000110000   0000000000001010   
0000100011000011   0000000000110010   0000000000001000   
0000100011100100   0000000000101101   0000000000000100   
0000100100000100   0000000000100101   0000000000000001   
0000100100111100   0000000000110100   0000000000000101   
0000100101100100   0000000000101111   0000000000000011   
0000100100111101   1111111111101010   1111111111101101   
0000100011000010   1111111110001011   1111111111011100   
0000100001000011   1111111101100000   1111111111011010   
0000100001010111   1111111110110110   1111111111110110   
0000100100100011   0000000010010100   0000000000100100   
0000101000000110   0000000100000000   0000000000111000   
0000101001001011   0000000010101000   0000000000001101   
0000101001010101   0000000000100100   1111111111100101   
0000101001111111   0000000000001101   1111111111100110   
0000101010110011   0000000000010100   1111111111101101   
0000101011110010   0000000000100101   1111111111111000   
0000101100110110   0000000000110100   1111111111111101   
0000101100011011   1111111111110101   1111111111101001   
0000101010011011   1111111110001101   1111111111010111   
0000101000100010   1111111101011111   1111111111010110   
0000100111100000   1111111110001100   1111111111101110   
0000100111100100   1111111111010111   0000000000001010   
0000101000000111   0000000000100110   0000000000011101   
0000101001010110   0000000001100011   0000000000100111   
0000101010100110   0000000001111010   0000000000100100   
0000101011011000   0000000001100010   0000000000010010   
0000101101010111   0000000010001001   0000000000010111   
0000110001110000   0000000100001100   0000000000111011   
0000110110011001   0000000101011011   0000000001000000   
0000111001101101   0000000100101011   0000000000101010   
0000111011011110   0000000010101011   1111111111111100   
0000111100000000   0000000000111101   1111111111011100   
0000111101010111   0000000000110001   1111111111100011   
0000111111010000   0000000001001011   1111111111110100   
0001000000011111   0000000001000010   1111111111110101   
0001000001001000   0000000000100010   1111111111101111   
0001000000110011   1111111111100111   1111111111100110   
0000111110111111   1111111110001000   1111111111001111   
0000111101000001   1111111101010011   1111111111001110   
0000111011111101   1111111101111001   1111111111100000   
0000111011000110   1111111110100010   1111111111110100   
0000111010110000   1111111111001101   0000000000000101   
0000111001111111   1111111111010100   0000000000000110   
0000111001111000   1111111111110110   0000000000001110   
0000111001111100   0000000000001111   0000000000010000   
0000111010000011   0000000000011000   0000000000001110   
0000111010011111   0000000000101001   0000000000001111   
0000111010101010   0000000000100010   0000000000001000   
0000111101000100   0000000001111101   0000000000011011   
0001000000001000   0000000011010011   0000000000100111   
0001000010101111   0000000011010001   0000000000011100   
0001000011100100   0000000001110101   1111111111111000   
0001000011111110   0000000000011010   1111111111100001   
0001000011010001   1111111111000100   1111111111010001   
0001000010011101   1111111110011100   1111111111010010   
0001000010000110   1111111110101110   1111111111100101   
0001000001101101   1111111110111110   1111111111101111   
0001000001101011   1111111111011101   1111111111111111   
0001000001011100   1111111111101010   0000000000000010   
0001000001011010   1111111111111100   0000000000000101   
0001000100000110   0000000010100010   0000000000110001   
0001000101010100   0000000010010010   0000000000011110   
0001000100001010   1111111111100110   1111111111100111   
0001000001111011   1111111101110011   1111111111001100   
0001000001110100   1111111110101110   1111111111100010   
0001000011111001   0000000001000011   0000000000011000   
0001000110000111   0000000010010011   0000000000100101   
0001000110111111   0000000001110011   0000000000001110   
0001000111010101   0000000001000001   0000000000000000   
0001000111101110   0000000000011111   1111111111111001   
0001001000011011   0000000000100101   1111111111111101   
0001001001011010   0000000000110110   0000000000000011   
0001001001101100   0000000000011000   1111111111111010   
0001001001001101   1111111111101000   1111111111101101   
0001001010000101   0000000000011000   1111111111111010   
0001001011111111   0000000001100100   0000000000010011   
0001001101100001   0000000001110101   0000000000010011   
0001001110101110   0000000001101010   0000000000001001   
0001001111010001   0000000001000010   1111111111111110   
0001001111010101   0000000000001100   1111111111110100   
0001001111111000   0000000000010101   1111111111111010   
0001010000011100   0000000000011011   1111111111111110   
0001010000001110   1111111111110011   1111111111110100   
0001010000000000   1111111111100110   1111111111110100   
0001001111111010   1111111111101010   1111111111110111   
0001010001000001   0000000000101111   0000000000001110   
0001010100111100   0000000011010110   0000000000110000   
0001011001100101   0000000101000100   0000000001000101   
0001011100000110   0000000100011000   0000000000101100   
0001011101001000   0000000010010001   0000000000001000   
0001011100000110   1111111111011000   1111111111010011   
0001011001011110   1111111101001000   1111111110110101   
0001010110100010   1111111011111001   1111111110110100   
0001010011010011   1111111011011000   1111111111000001   
0001010001100011   1111111100110010   1111111111100000   
0001010001011101   1111111110111001   0000000000010010   
0001010001100110   0000000000000111   0000000000011111   
0001010000011011   1111111111101001   0000000000001011   
0001001110011001   1111111110101010   1111111111111011   
0001001100101001   1111111110001111   1111111111110111   
0001001010111110   1111111110001100   1111111111111001   
0001001010010000   1111111110111011   0000000000001001   
0001001010001011   1111111111111110   0000000000011001   
0001001010011100   0000000000100101   0000000000011101   
0001001011000000   0000000001000001   0000000000011101   
0001001100000000   0000000001011101   0000000000011101   
0001001100101111   0000000001011000   0000000000010101   
0001001100100010   0000000000100001   1111111111111100   
0001001011110011   1111111111100101   1111111111110000   
0001001010010110   1111111110011110   1111111111100101   
0001000111011101   1111111100110011   1111111111001111   
0001000100110111   1111111100100000   1111111111011000   
0001000011101110   1111111110000010   1111111111111110   
0001000011111111   1111111111101110   0000000000011111   
0001000100010011   0000000000101101   0000000000100101   
0001000011111000   0000000000010110   0000000000010011   
0001000011010100   1111111111111101   0000000000001001   
0001000011000100   1111111111111100   0000000000000110   
0001000010001100   1111111111011110   1111111111111110   
0001000001111011   1111111111101010   0000000000000001   
0001000001111001   1111111111111110   0000000000000110   
0001000001111110   0000000000001010   0000000000001000   
0001000001101010   1111111111110111   0000000000000001   
0001000000010010   1111111110111011   1111111111101111   
0000111110010011   1111111101111010   1111111111100101   
0000111100011011   1111111101101011   1111111111101001   
0000111011001010   1111111110000111   1111111111110100   
0000111010001100   1111111110100111   0000000000000011   
0000111000111110   1111111110110001   0000000000000101   
0000110110110100   1111111110000101   1111111111111011   
0000110011110110   1111111101000011   1111111111101010   
0000110011000001   1111111110010101   0000000000001001   
0000101111111110   1111111101001101   1111111111110011   
0000101110101010   1111111110001001   0000000000001001   
0000101110011101   1111111111101010   0000000000011011   
0000101110110010   0000000000101001   0000000000100110   
0000101110101111   0000000000101110   0000000000011111   
0000101101111111   0000000000000111   0000000000001000   
0000101100011001   1111111111000100   1111111111110111   
0000101010010111   1111111110000001   1111111111101011   
0000101000011110   1111111101110010   1111111111101101   
0000100110011101   1111111101101001   1111111111110000   
0000100100000010   1111111101010101   1111111111101111   
0000100001111000   1111111101011110   1111111111110111   
0000100000001110   1111111110000011   0000000000000000   
0000100000010100   1111111111110000   0000000000100001   
0000100001111001   0000000001101001   0000000000110101   
0000100011100001   0000000010011101   0000000000110101   
0000100011111110   0000000001111001   0000000000100001   
0000100011010110   0000000000010100   0000000000000110   
0000100010110011   1111111111100111   1111111111111000   
0000100011101101   0000000000011111   0000000000001011   
0000100110101011   0000000010111100   0000000000110011   
0000100111111001   0000000010011011   0000000000011010   
0000101000001101   0000000001000101   0000000000000100   
0000100111111101   0000000000000010   1111111111101111   
0000101100111000   0000000011011100   0000000000100011   
0000110001100101   0000000100111100   0000000000110111   
0000110110000110   0000000101100000   0000000000110011   
0000111001101010   0000000100101011   0000000000011110   
0000111010101101   0000000001110101   1111111111100100   
0000111001101010   1111111111001100   1111111110111010   
0000111000001110   1111111101100001   1111111110110000   
0000110110010111   1111111100110000   1111111110111001   
0000110100100010   1111111100110101   1111111111001000   
0000110010001110   1111111100101011   1111111111010110   
0000110000011110   1111111101001101   1111111111100111   
0000110000001011   1111111110101100   0000000000001111   
0000101111011000   1111111111010010   0000000000010100   
0000101111101011   0000000000011100   0000000000011111   
0000110001001010   0000000001111000   0000000000110000   
0000110011011010   0000000010111011   0000000000110110   
0000110101010101   0000000010110111   0000000000100110   
0000110111001110   0000000010101110   0000000000011000   
0000111000011111   0000000001111001   0000000000001001   
0000111000111110   0000000000110111   1111111111110011   
0000111000000101   1111111111010110   1111111111100000   
0000110110010111   1111111110000011   1111111111001111   
0000110100000101   1111111101000011   1111111111001100   
0000110010001010   1111111101000110   1111111111010111   
0000110000111100   1111111110000000   1111111111110010   
0000110000001101   1111111110110001   0000000000000101   
0000101111110000   1111111111100011   0000000000010001   
0000101111011110   1111111111111100   0000000000010011   
0000101111011111   0000000000010011   0000000000010100   
0000101111111101   0000000000110000   0000000000010111   
0000110000001011   0000000000101110   0000000000010001   
0000101111110110   0000000000001101   0000000000000000   
0000110000011011   0000000000011101   0000000000000100   
0000110001010110   0000000000111010   0000000000001001   
0000110010011100   0000000001001110   0000000000001100   
0000110010101110   0000000000101100   1111111111111110   
0000110100111111   0000000010000110   0000000000010111   
0000110110100111   0000000010000110   0000000000010000   
0000110111110011   0000000001100110   0000000000000110   
0000111000010110   0000000000110100   1111111111110101   
0000110111111011   1111111111101101   1111111111101000   
0000110111001010   1111111110111111   1111111111100001   
0000110111010000   1111111111010001   1111111111101100   
0000110111010000   1111111111100100   1111111111110100   
0000110111010101   1111111111110110   1111111111111100   
0000110111000010   1111111111101011   1111111111111010   
0000110110111011   1111111111110010   1111111111111110   
0000110110111100   1111111111111100   0000000000000010   
0000110110111110   0000000000000011   0000000000000011   
0000110111110000   0000000000101101   0000000000001111   
0000111000110111   0000000001010000   0000000000010011   
0000111000100010   0000000000010111   1111111111111010   
0000111000001011   1111111111110001   1111111111110011   
0000110111111111   1111111111100111   1111111111110100   
0000110111100010   1111111111010111   1111111111110011   
0000110110111111   1111111111001110   1111111111110100   
0000110110011011   1111111111001111   1111111111111000   
0000110110010110   1111111111101001   0000000000000010   
0000110101101000   1111111111011000   1111111111111110   
0000110101000000   1111111111010110   1111111111111110   
0000110011101110   1111111110110110   1111111111110111   
0000110010001001   1111111110011001   1111111111110000   
0000110001010100   1111111110101100   1111111111111000   
0000110000011000   1111111110111000   1111111111111100   
0000101111011100   1111111110111111   1111111111111111   
0000101110000101   1111111110101101   1111111111111010   
0000101100001101   1111111110000101   1111111111110001   
0000101010000011   1111111101101011   1111111111101110   
0000101000101100   1111111110001100   1111111111111000   
0000101000000110   1111111111000101   0000000000001100   
0000101001010011   0000000000110111   0000000000100011   
0000101010000011   0000000001010100   0000000000100001   
0000101011011110   0000000001111010   0000000000100010   
0000101011111110   0000000001010001   0000000000010011   
0000101011100100   0000000000000010   1111111111111000   
0000101100101111   0000000000110010   0000000000001001   
0000101100011000   1111111111111000   1111111111110111   
0000101010110101   1111111110101001   1111111111100010   
0000101001100000   1111111110001100   1111111111100010   
0000100111111011   1111111101111011   1111111111100110   
0000100101111110   1111111101100111   1111111111100111   
0000100100010001   1111111101101111   1111111111110010   
0000100010011010   1111111101110011   1111111111110110   
0000100000110011   1111111110001001   1111111111111100   
0000011111010111   1111111110011110   0000000000000011   
0000011101111110   1111111110101000   0000000000000101   
0000011100111010   1111111110111111   0000000000001010   
0000011011111111   1111111111001101   0000000000001011   
0000011011000011   1111111111010001   0000000000001010   
0000011010110101   1111111111110111   0000000000010010   
0000011010111011   0000000000010100   0000000000010101   
0000011010101100   0000000000001111   0000000000001100   
0000011010001011   1111111111111010   0000000000000101   
0000011010000001   1111111111111100   0000000000000100   
0000011001111111   0000000000000010   0000000000000101   
0000011010011010   0000000000011010   0000000000001011   
0000011010111101   0000000000101101   0000000000001101   
0000011010101110   0000000000001100   1111111111111111   
0000011010001111   1111111111100111   1111111111111000   
0000011001100110   1111111111010001   1111111111110100   
0000011000111110   1111111111001010   1111111111110101   
0000011000011010   1111111111001101   1111111111111010   
0000011000010101   1111111111100111   0000000000000001   
0000011000010111   1111111111111111   0000000000000110   
0000011000011110   0000000000001100   0000000000001000   
0000011000100010   0000000000001110   0000000000000110   
0000011000111100   0000000000011111   0000000000001001   
0000011001000101   0000000000010111   0000000000000100   
0000011001000111   0000000000001010   0000000000000001   
0000011001000100   0000000000000000   1111111111111110   
0000011001000001   1111111111111100   1111111111111110   
0000011000111111   1111111111111100   1111111111111111   
0000011000111111   1111111111111110   0000000000000000   
0000011000111111   0000000000000000   0000000000000000   
0000011001000000   0000000000000001   0000000000000000   
0000011000100110   1111111111101100   1111111111111010   
0000011000000101   1111111111011010   1111111111110111   
0000010111111010   1111111111100110   1111111111111101   
0000010111111000   1111111111110111   0000000000000001   
0000010111111100   0000000000000011   0000000000000100   
0000011000011000   0000000000011010   0000000000001000   
0000011000100101   0000000000011000   0000000000000101   
0000011000111111   0000000000011111   0000000000000101   
0000011001100000   0000000000100101   0000000000000101   
0000011010011001   0000000000111101   0000000000001010   
0000011011111000   0000000001100001   0000000000010010   
0000011101011110   0000000001111000   0000000000010011   
0000011110101010   0000000001101001   0000000000001001   
0000100000000101   0000000001100110   0000000000000111   
0000100001001011   0000000001010010   1111111111111111   
0000100010000111   0000000001000001   1111111111111011   
0000100010101010   0000000000100110   1111111111110100   
0000100011000011   0000000000010001   1111111111110010   
0000100011110101   0000000000011111   1111111111111000   
0000100100011101   0000000000011111   1111111111111010   
0000100100111111   0000000000011100   1111111111111011   
0000100101011111   0000000000011010   1111111111111100   
0000100101111111   0000000000011010   1111111111111101   
0000100110110110   0000000000101111   0000000000000010   
0000100110110001   0000000000000110   1111111111110101   
0000100110100110   1111111111101110   1111111111110010   
0000100110110101   1111111111111001   1111111111111010   
0000100111110001   0000000000100001   0000000000000100   
0000101000000101   0000000000011010   0000000000000010   
0000101100010000   0000000011111001   0000000000111110   
0000101110110100   0000000011110101   0000000000101010   
0000101111100010   0000000001101001   1111111111111000   
0000101111011010   0000000000001010   1111111111011110   
0000101111100001   1111111111100110   1111111111011110   
0000101111110010   1111111111101000   1111111111101001   
0000110000001111   1111111111111000   1111111111110010   
0000110001001010   0000000000011100   0000000000000011   
0000110001111011   0000000000101110   0000000000000110   
0000110001110010   0000000000000110   1111111111111101   
0000110001111110   0000000000001001   1111111111111111   
0000110011001111   0000000001000000   0000000000010000   
0000110100110100   0000000001110010   0000000000011001   
0000110110100001   0000000010000111   0000000000011000   
0000110111110010   0000000001110010   0000000000001111   
0000111001001001   0000000001101011   0000000000001000   
0000111010001101   0000000001010110   0000000000000010   
0000111010110001   0000000000110010   1111111111110101   
0000111001011111   1111111111001011   1111111111100001   
0000111000001011   1111111110010010   1111111111011100   
0000110110110111   1111111110000110   1111111111100011   
0000110111000001   1111111111001111   0000000000000010   
0000111000010100   0000000001001010   0000000000100011   
0000111001111010   0000000010000010   0000000000101001   
0000111010011111   0000000001011110   0000000000011010   
0000111010000111   0000000000010110   1111111111111101   
0000111010011111   0000000000010101   1111111111111101   
0000111011010101   0000000000101011   0000000000000101   
0000111100011010   0000000001000010   0000000000001001   
0000111101000111   0000000000111010   0000000000000110   
0000111101101000   0000000000101001   0000000000000000   
0000111101001111   1111111111110110   1111111111110001   
0000111101000001   1111111111100100   1111111111110000   
0000111100000111   1111111110111101   1111111111101001   
0000111011110001   1111111111001100   1111111111110001   
0000111100011111   0000000000001111   0000000000001010   
0000111100111100   0000000000100011   0000000000001100   
0000111100011000   1111111111111010   1111111111111010   
0000111011001111   1111111111000110   1111111111110000   
0000111011100101   1111111111111001   1111111111111101   
0000111101011000   0000000001100101   0000000000011011   
0000111111110011   0000000010101010   0000000000101000   
0001000001010111   0000000010010010   0000000000010111   
0001000001100000   0000000000111111   1111111111110111   
0001000010001000   0000000000100011   1111111111110011   
0001000001110011   1111111111100111   1111111111100101   
0001000000010111   1111111110011001   1111111111011010   
0000111111101100   1111111110100000   1111111111101001   
0000111110011100   1111111110010100   1111111111101100   
0000111101010100   1111111110011110   1111111111110010   
0000111100101101   1111111111000110   0000000000000001   
0000111100110010   1111111111110111   0000000000001111   
0000111100111010   0000000000010110   0000000000010011   
0000111110010001   0000000001011011   0000000000100010   
0000111111111011   0000000010001010   0000000000100101   
0001000000111001   0000000001110000   0000000000010010   
0001000000101010   0000000000100011   1111111111111101   
0001000001000011   0000000000011001   1111111111111011   
0001000001011111   0000000000010110   1111111111111100   
0001000001100101   0000000000000101   1111111111111001   
0001000001100011   1111111111110111   1111111111110111   
0001000001000101   1111111111011110   1111111111110010   
0001000000111001   1111111111100100   1111111111110111   
0001000000111001   1111111111110001   1111111111111110   
0001000000111011   1111111111111101   0000000000000001   
0001000000100110   1111111111101111   1111111111111101   
0001000000011101   1111111111110010   1111111111111110   
0001000001001100   0000000000011110   0000000000001101   
0001000010010110   0000000001001001   0000000000010100   
0001000011111000   0000000001110010   0000000000011000   
0001000100110011   0000000001010111   0000000000001010   
0001000100110100   0000000000011111   1111111111110110   
0001000100101101   1111111111110010   1111111111101100   
0001000100000110   1111111111001011   1111111111100110   
0001000011000100   1111111110100110   1111111111100100   
0001000010101011   1111111111000000   1111111111110100   
0001000010101011   1111111111100100   1111111111111111   
0001000010110100   1111111111111111   0000000000001000   
0001000100001100   0000000001000100   0000000000010110   
0001000110100100   0000000010100000   0000000000100100   
0001001001011001   0000000011010111   0000000000101001   
0001001010111011   0000000010100110   0000000000001110   
0001001011101000   0000000001000101   1111111111110000   
0001001011010100   1111111111110001   1111111111011100   
0001001011000001   1111111111001010   1111111111011011   
0001001010000011   1111111110011110   1111111111011001   
0001001010011000   1111111111010000   1111111111101101   
0001001100100010   0000000001001001   0000000000011100   
0001001110110000   0000000010010101   0000000000100111   
0001010010100001   0000000100001001   0000000000110110   
0001010110001011   0000000100100010   0000000000101110   
0001010111101100   0000000010111100   0000000000000010   
0001010110110010   1111111111011101   1111111111000101   
0001010100011011   1111111101001001   1111111110101010   
0001010011011001   1111111101010101   1111111110111110   
0001010010011100   1111111101101110   1111111111011001   
0001010001100011   1111111110001001   1111111111101000   
0001001110110011   1111111101000110   1111111111011010   
0001001100011001   1111111100110110   1111111111011111   
0001001010100100   1111111101011100   1111111111101101   
0001000110111000   1111111100000111   1111111111011011   
0001000101000010   1111111101000111   1111111111111001   
0001001001001010   0000000011011100   0000000001101001   
0001001100100001   0000000101000001   0000000001101000   
0001001110111001   0000000100011100   0000000001001100   
0001001111010101   0000000010010011   0000000000001100   
0001001110001010   1111111111111001   1111111111100111   
0001001101010001   1111111110111010   1111111111011010   
0001001010011010   1111111101000110   1111111111001001   
0001000111111000   1111111100100011   1111111111001101   
0001000110010111   1111111101100001   1111111111101100   
0001000101001101   1111111110001110   0000000000000000   
0001000011110111   1111111110100111   0000000000000111   
0001000010100000   1111111110101111   0000000000000111   
0001000000101100   1111111110011001   0000000000000001   
0000111110101001   1111111110000011   1111111111111010   
0000111011110011   1111111101010010   1111111111110001   
0000110111111001   1111111100001010   1111111111011110   
0000110010110011   1111111010110000   1111111111010010   
0000110001010001   1111111101001000   1111111111111010   
0000101001100110   1111111000101001   1111111110101101   
0000100011010001   1111111000001001   1111111110111100   
0000011110110111   1111111010001111   1111111111110011   
0000011100010001   1111111100011110   0000000000100010   
0000011010000100   1111111110000111   0000000000110000   
0000011000011011   1111111111000100   0000000000110100   
0000010111100000   1111111111111001   0000000000110100   
0000010111000110   0000000000011111   0000000000101111   
0000010111000111   0000000000111001   0000000000101010   
0000011000011000   0000000001110111   0000000000101110   
0000011010110100   0000000011000111   0000000000110111   
0000011101100101   0000000011101101   0000000000110010   
0000100000010101   0000000011100111   0000000000100011   
0000100010010111   0000000010111101   0000000000001100   
0000100100010101   0000000010010101   0000000000000010   
0000100101011011   0000000001010101   1111111111101110   
0000100101011100   0000000000000100   1111111111100000   
0000100100000000   1111111110011100   1111111111001000   
0000100000110111   1111111100011110   1111111110111001   
0000011101000101   1111111011001010   1111111110110110   
0000011001100100   1111111011001110   1111111111001011   
0000010111011001   1111111100011010   1111111111110010   
0000010101011101   1111111101101101   0000000000001100   
0000010101011110   1111111111101011   0000000000101110   
0000010011100010   1111111111000011   0000000000011101   
0000010010100001   1111111111011101   0000000000011100   
0000010010011000   0000000000001100   0000000000100000   
0000010011010001   0000000001001110   0000000000101011   
0000010110100010   0000000011010100   0000000000111111   
0000011010010110   0000000100101101   0000000001000100   
0000011110101001   0000000101011001   0000000000111101   
0000100011001100   0000000101101101   0000000000110001   
0000100111110110   0000000101100001   0000000000100000   
0000101000100110   0000000010010111   1111111111011010   
0000110000100111   0000000110011111   0000000000010110   
0000110011101010   0000000011111101   1111111111011111   
0000110011110010   0000000000100100   1111111110110110   
0000110010111110   1111111110011000   1111111110100000   
0000110010010010   1111111101100010   1111111110101001   
0000110001110101   1111111101110111   1111111110111111   
0000110001110011   1111111110110010   1111111111100001   
0000110010001001   1111111111100000   1111111111111000   
0000110010010010   1111111111111110   0000000000000010   
0000110010011101   0000000000001010   0000000000000101   
0000110010100010   0000000000001011   0000000000000100   
0000110010100011   0000000000000111   0000000000000010   
0000110010100011   0000000000000011   0000000000000001   
0000110010100010   0000000000000001   0000000000000000   
0000110010100001   1111111111111111   0000000000000000   
0000110010100000   1111111111111111   0000000000000000   
0000110010100000   0000000000000000   0000000000000000   
0000110010100000   0000000000000000   0000000000000000   
0000110010100000   0000000000000000   0000000000000000   
0000110010100000   0000000000000000   0000000000000000   
0000110010100000   0000000000000000   0000000000000000   
0000110010100000   0000000000000000   0000000000000000   
0000110010100000   0000000000000000   0000000000000000   
0000110010100000   0000000000000000   0000000000000000   
0000110010100000   0000000000000000   0000000000000000   
0000110010100000   0000000000000000   0000000000000000   
0000110010100000   0000000000000000   0000000000000000   
0000110010100000   0000000000000000   0000000000000000   
0000110010100000   0000000000000000   0000000000000000   
0000110010100000   0000000000000000   0000000000000000   
0000110010100000   0000000000000000   0000000000000000   
0000110010100000   0000000000000000   0000000000000000   
0000110010100000   0000000000000000   0000000000000000   
0000110010100000   0000000000000000   0000000000000000   
0000110010100000   0000000000000000   0000000000000000   
0000110010100000   0000000000000000   0000000000000000   
0000110010100000   0000000000000000   0000000000000000   
0000110010100000   0000000000000000   0000000000000000   
0000110010100000   0000000000000000   0000000000000000   
0000110010100000   0000000000000000   0000000000000000   
0000110010100000   0000000000000000   0000000000000000   
0000110010100000   0000000000000000   0000000000000000   
0000110010100000   0000000000000000   0000000000000000   
0000110010100000   0000000000000000   0000000000000000   
0000110010100000   0000000000000000   0000000000000000   
0000110010100000   0000000000000000   0000000000000000   
0000110010100000   0000000000000000   0000000000000000   
0000110010100000   0000000000000000   0000000000000000   
0000110010100000   0000000000000000   0000000000000000   
0000110010100000   0000000000000000   0000000000000000   
0000110010100000   0000000000000000   0000000000000000   
0000110010100000   0000000000000000   0000000000000000   
0000110010100000   0000000000000000   0000000000000000   
0000110010100000   0000000000000000   0000000000000000   
0000110010100000   0000000000000000   0000000000000000   
0000110010100000   0000000000000000   0000000000000000   
0000110010100000   0000000000000000   0000000000000000   
0000110010100000   0000000000000000   0000000000000000   
0000110010100000   0000000000000000   0000000000000000   
0000110010100000   0000000000000000   0000000000000000   
0000111011111000   0000000111110100   0000000001100100   
0001000000001011   0000000110011101   0000000000101100   
0000111111011010   0000000001101111   1111111111011111   
0000111110000010   1111111110111001   1111111110101101   
0000111100001011   1111111101000101   1111111110100110   
0000111001110100   1111111100001001   1111111110101100   
0000110110101111   1111111011100011   1111111110111001   
0000110100000101   1111111011110101   1111111111010100   
0000110001000111   1111111100001111   1111111111100111   
0000101110101100   1111111100111000   1111111111111011   
0000101100101001   1111111101101101   0000000000000111   
0000101010110110   1111111110001110   0000000000001111   
0000101001000001   1111111110011011   0000000000001111   
0000100111000111   1111111110011010   0000000000001010   
0000100110010100   1111111111000111   0000000000010010   
0000100101011111   1111111111011100   0000000000010011   
0000100101010111   0000000000001000   0000000000011010   
0000100101111010   0000000000110111   0000000000100000   
0000100110111100   0000000001100001   0000000000100011   
0000101000000101   0000000001110010   0000000000011110   
0000101000110110   0000000001011010   0000000000010011   
0000101000111100   0000000000100111   1111111111111110   
0000101000000001   1111111111011011   1111111111101110   
0000100110101111   1111111110100111   1111111111100011   
0000100101111000   1111111110100010   1111111111101000   
0000100101111111   1111111111011110   1111111111111001   
0000100110111111   0000000000110001   0000000000010010   
0000100111111101   0000000001001101   0000000000010101   
0000101001000011   0000000001011011   0000000000010011   
0000101001010010   0000000000110011   0000000000000001   
0000101000111001   1111111111110101   1111111111110100   
0000100111110100   1111111110111000   1111111111100101   
