0000010000010110   0000001111001000   0000000111100100   
0000010110001010   0000001111100001   0000000101011010   
0000010110111011   0000001001110111   0000000001101110   
0000010101010101   0000000011111100   1111111111110100   
0000010011000100   1111111111101000   1111111110110010   
0000010000111010   1111111101000011   1111111110100001   
0000001111011111   1111111100111110   1111111110111010   
0000001110000111   1111111101001010   1111111111010011   
0000001100111100   1111111101110110   1111111111100101   
0000001100111111   1111111111001000   0000000000000110   
0000001101001111   0000000000010001   0000000000010111   
0000001101000110   0000000000010010   0000000000010001   
0000001100101110   0000000000000000   0000000000000111   
0000001011101111   1111111111010110   1111111111111000   
0000001011011001   1111111111011111   1111111111111011   
0000001011010110   1111111111110011   0000000000000011   
0000001011011100   0000000000000100   0000000000000111   
0000001011100000   0000000000001011   0000000000000111   
0000001011100010   0000000000001011   0000000000000101   
0000001011100010   0000000000000111   0000000000000011   
0000001100010010   0000000000110000   0000000000001101   
0000001101011010   0000000001001110   0000000000010001   
0000001110001010   0000000001000110   0000000000001010   
0000001110101001   0000000000101111   0000000000000001   
0000001110101110   0000000000001010   1111111111110111   
0000001111011001   0000000000011010   1111111111111111   
0000010000010101   0000000000110101   0000000000000111   
0000010001011100   0000000001001010   0000000000001011   
0000010010111011   0000000001100100   0000000000001110   
0000010100100000   0000000001110011   0000000000001110   
0000010101101101   0000000001011110   0000000000000100   
0000010110101000   0000000001000111   1111111111111100   
0000011000010100   0000000001100010   0000000000000010   
0000011001111110   0000000001101010   0000000000000100   
0000011010101110   0000000000111101   1111111111110111   
0000011011001011   0000000000010110   1111111111101111   
0000011011000110   1111111111110010   1111111111101011   
0000011010111110   1111111111100010   1111111111101101   
0000011010000110   1111111110111001   1111111111100111   
0000011001011000   1111111110110111   1111111111101101   
0000011001010001   1111111111010111   1111111111111100   
0000011001010010   1111111111110110   0000000000000111   
0000011001000010   1111111111111000   0000000000000110   
0000011000001011   1111111111011101   1111111111111111   
0000010111100010   1111111111010111   1111111111111110   
0000010110100110   1111111111000100   1111111111111001   
0000010110010110   1111111111011111   0000000000000011   
0000010101111101   1111111111101001   0000000000000100   
0000010101111011   1111111111111101   0000000000001001   
0000010110011001   0000000000100010   0000000000010001   
0000010111010111   0000000001001100   0000000000011000   
0000011000000111   0000000001010000   0000000000010100   
0000011000010110   0000000000101110   0000000000000100   
0000011000100111   0000000000011001   1111111111111101   
0000011001000000   0000000000010110   1111111111111101   
0000011001011110   0000000000011001   1111111111111111   
0000011001100110   0000000000001010   1111111111111011   
0000011001111101   0000000000001111   1111111111111110   
0000011010000010   0000000000000110   1111111111111101   
0000011010011100   0000000000010010   0000000000000000   
0000011010001100   1111111111110010   1111111111110111   
0000011001001100   1111111111000010   1111111111101011   
0000011000011100   1111111110111000   1111111111101101   
0000010111011110   1111111110101101   1111111111101111   
0000010111010000   1111111111010110   1111111111111111   
0000010111101010   0000000000010011   0000000000010000   
0000010111111111   0000000000100101   0000000000010000   
0000011000001001   0000000000011111   0000000000001001   
0000011000001000   0000000000001101   0000000000000010   
0000010111010101   1111111111010101   1111111111110010   
0000010110100010   1111111111000001   1111111111110000   
0000010101100001   1111111110101111   1111111111101111   
0000010101010001   1111111111010000   1111111111111110   
0000010110001000   0000000000010101   0000000000001110   
0000010111010011   0000000001001101   0000000000010110   
0000010111110000   0000000000110111   0000000000001010   
0000010111010011   0000000000000001   1111111111110111   
0000010110101101   1111111111011000   1111111111110001   
0000010110000001   1111111111000110   1111111111110000   
0000010101011011   1111111111000111   1111111111110101   
0000010100111001   1111111111010001   1111111111111011   
0000010011001110   1111111110100010   1111111111110010   
0000010001100100   1111111110001010   1111111111101111   
0000001111111101   1111111110000101   1111111111110010   
0000001111001001   1111111110111000   0000000000000100   
0000001111001110   1111111111110111   0000000000010110   
0000010001101001   0000000010010110   0000000000111111   
0000010011100110   0000000011000010   0000000000111001   
0000010100111010   0000000010101111   0000000000101000   
0000010101100000   0000000001101101   0000000000010011   
0000010101111011   0000000000110101   1111111111111111   
0000010110001001   0000000000010110   1111111111110110   
0000010110001000   1111111111111001   1111111111110010   
0000010110000000   1111111111101010   1111111111110010   
0000010101111100   1111111111101011   1111111111110110   
0000010101111010   1111111111110010   1111111111111011   
0000010101111100   1111111111111000   1111111111111110   
0000011000100101   0000000010001010   0000000000101010   
0000011001101111   0000000001111110   0000000000011011   
0000011010000011   0000000000111000   0000000000000001   
0000011001010111   1111111111101100   1111111111101010   
0000010111111001   1111111110011000   1111111111010111   
0000010111101011   1111111110110100   1111111111101100   
0000011001010110   0000000000011111   0000000000001000   
0000011100000000   0000000010010010   0000000000011101   
0000011110110101   0000000011001111   0000000000100110   
0000100001001101   0000000011001011   0000000000011001   
0000100011010110   0000000010101101   0000000000001110   
0000100100011001   0000000001101001   1111111111110101   
0000100100011000   0000000000000101   1111111111011101   
0000100100000111   1111111111001110   1111111111011000   
0000100011011110   1111111110101100   1111111111011001   
0000100011001011   1111111110111011   1111111111101001   
0000100011001111   1111111111100010   1111111111111010   
0000100010001100   1111111110111010   1111111111110001   
0000100001000001   1111111110100111   1111111111110000   
0000100000101010   1111111111001110   0000000000000001   
0000100000011001   1111111111101000   0000000000001001   
0000011111100110   1111111111011110   0000000000000101   
0000011110100111   1111111111001101   0000000000000001   
0000011101100101   1111111111000000   1111111111111101   
0000011101010101   1111111111100010   0000000000001000   
0000011101010110   0000000000000100   0000000000001101   
0000011101000101   0000000000000001   0000000000001000   
0000011100001101   1111111111011001   1111111111111011   
0000011010110010   1111111110100100   1111111111101110   
0000011001111000   1111111110101010   1111111111110011   
0000011001010001   1111111111000100   1111111111111111   
0000011010000110   0000000000100011   0000000000011001   
0000011011010010   0000000001100010   0000000000100011   
0000011100001010   0000000001100101   0000000000011001   
0000011100011100   0000000000111001   0000000000000100   
0000011011011100   1111111111100000   1111111111101000   
0000011010111111   1111111111001010   1111111111101001   
0000011100000100   0000000000010001   1111111111111100   
0000011101001101   0000000001000001   0000000000001010   
0000011110011101   0000000001010110   0000000000001101   
0000011110011101   0000000000011011   1111111111111111   
0000011101110001   1111111111100011   1111111111101111   
0000011100101010   1111111110101110   1111111111100101   
0000011011011110   1111111110011001   1111111111100111   
0000011010110010   1111111110101001   1111111111110000   
0000011010001111   1111111111000100   1111111111111101   
0000011001011110   1111111111001010   1111111111111111   
0000011000001010   1111111110101110   1111111111111000   
0000010111110011   1111111111010011   0000000000000110   
0000010101100010   1111111110000101   1111111111101101   
0000010011111011   1111111110000010   1111111111110010   
0000010010011001   1111111110001000   1111111111110110   
0000010001101110   1111111110111001   0000000000000010   
0000010000111010   1111111111001100   0000000000000111   
0000010000011011   1111111111100011   0000000000001100   
0000001111101000   1111111111011100   0000000000001000   
0000001110100111   1111111111001110   0000000000000001   
0000001101100100   1111111111000001   1111111111111101   
0000001100111001   1111111111010001   0000000000000010   
0000001100011100   1111111111011111   0000000000000101   
0000001100010111   1111111111111011   0000000000001100   
0000001100011101   0000000000010001   0000000000001111   
0000001100100100   0000000000010110   0000000000001100   
0000001100100101   0000000000010010   0000000000000111   
0000001100111110   0000000000011111   0000000000001001   
0000001101000101   0000000000010110   0000000000000100   
0000001101000101   0000000000001011   0000000000000001   
0000001101000011   0000000000000010   1111111111111111   
0000001101000001   1111111111111110   1111111111111110   
0000001101000000   1111111111111101   1111111111111110   
0000001110000111   0000000000111001   0000000000001010   
0000010000101000   0000000010010011   0000000000100010   
0000010011011001   0000000011001110   0000000000101001   
0000010110111010   0000000100001000   0000000000101110   
0000011010001100   0000000100010001   0000000000100110   
0000011101010111   0000000011111101   0000000000010101   
0000011111011100   0000000010101100   1111111111111001   
0000100000111010   0000000001011110   1111111111100110   
0000100001101011   0000000000100001   1111111111011100   
0000100010000011   1111111111110110   1111111111011010   
0000100010110011   1111111111111100   1111111111100111   
0000100100001011   0000000000100011   1111111111110101   
0000100101110001   0000000001001011   1111111111111111   
0000100111101111   0000000001111001   0000000000001100   
0000101000010100   0000000001000100   1111111111111001   
0000101011101110   0000000010111010   0000000000010010   
0000101100111010   0000000001110111   1111111111111001   
0000101100000111   1111111111100000   1111111111010010   
0000101011001010   1111111110010111   1111111111001011   
0000101010101110   1111111110010111   1111111111010111   
0000101001011001   1111111101111111   1111111111011100   
0000101000010011   1111111110001101   1111111111101010   
0000100111010000   1111111110100011   1111111111110110   
0000100110110010   1111111111001001   0000000000000100   
0000100110010111   1111111111100100   0000000000001011   
0000100101111111   1111111111110010   0000000000001100   
0000100101111101   0000000000000110   0000000000001110   
0000100110000001   0000000000010010   0000000000001110   
0000100101010101   1111111111100111   1111111111111110   
0000100100001011   1111111111000000   1111111111110011   
0000100011110011   1111111111010100   1111111111111010   
0000100011011011   1111111111011110   1111111111111111   
0000100010100101   1111111111001100   1111111111111010   
0000100001001100   1111111110100100   1111111111110001   
0000011111111101   1111111110011110   1111111111110011   
0000011111100111   1111111111010000   0000000000000110   
0000100000001100   0000000000011110   0000000000011010   
0000100000100011   0000000000110001   0000000000011000   
0000100001000100   0000000000111101   0000000000010100   
0000100001101000   0000000000111100   0000000000001110   
0000100001101101   0000000000100000   0000000000000001   
0000100001001110   1111111111110110   1111111111110111   
0000011111110011   1111111110101111   1111111111101011   
0000011101110001   1111111101101101   1111111111011111   
0000011011100000   1111111101001101   1111111111011111   
0000011001010011   1111111101001100   1111111111100101   
0000011000100010   1111111110010110   0000000000000011   
0000011000100111   1111111111110111   0000000000011101   
0000011001101000   0000000001010111   0000000000101111   
0000011010100110   0000000001110101   0000000000101011   
0000011010111111   0000000001010011   0000000000010100   
0000011010110101   0000000000011001   1111111111111111   
0000011010101100   1111111111111000   1111111111110110   
0000011101110001   0000000010001100   0000000000100101   
0000011111001111   0000000010001011   0000000000011010   
0000011111000011   0000000000110001   1111111111110111   
0000011101111100   1111111111010101   1111111111100101   
0000011100101001   1111111110011011   1111111111011111   
0000011011110001   1111111110100011   1111111111101010   
0000011011101100   1111111111010001   1111111111111110   
0000011011101111   1111111111111001   0000000000000110   
0000011011100010   1111111111111010   0000000000000101   
0000011011000101   1111111111101100   0000000000000000   
0000011010100100   1111111111100000   1111111111111101   
0000011010011011   1111111111101101   0000000000000001   
0000011010011010   1111111111111101   0000000000000110   
0000011010011110   0000000000001001   0000000000001000   
0000011001011010   1111111111001010   1111111111110101   
0000011000000111   1111111110101001   1111111111101110   
0000010111101100   1111111111001001   1111111111111101   
0000011000001100   0000000000001001   0000000000010001   
0000011001101100   0000000001010110   0000000000011110   
0000011011000000   0000000001110011   0000000000011110   
0000011100100101   0000000010000100   0000000000011010   
0000011110001000   0000000010000100   0000000000010010   
0000011111101011   0000000001111011   0000000000001101   
0000100000101101   0000000001011100   0000000000000000   
0000100001001110   0000000000101010   1111111111110010   
0000100001100110   0000000000001100   1111111111101110   
0000100001111101   0000000000000010   1111111111110000   
0000100001010000   1111111111001011   1111111111100100   
0000011111010001   1111111101110000   1111111111010011   
0000011101110000   1111111101101110   1111111111011111   
0000011011111010   1111111101100010   1111111111100101   
0000011001110111   1111111101011110   1111111111101100   
0000011001000110   1111111110100001   0000000000000110   
0000011001001001   1111111111101011   0000000000010101   
0000010111010110   1111111110111000   0000000000000111   
0000010101101100   1111111110011111   1111111111111110   
0000010100110110   1111111110111110   0000000000001000   
0000010100010101   1111111111100010   0000000000001110   
0000010011111110   1111111111110110   0000000000010000   
0000010011001010   1111111111100010   0000000000000110   
0000010010100011   1111111111100000   0000000000000100   
0000010001100111   1111111111010000   0000000000000000   
0000010000100110   1111111111000010   1111111111111100   
0000001110101110   1111111110001101   1111111111101111   
0000001101101111   1111111110101011   1111111111111100   
0000001100011111   1111111110101011   1111111111111101   
0000001100001011   1111111111011110   0000000000001101   
0000001011111100   1111111111111001   0000000000010001   
0000001100011000   0000000000100010   0000000000010110   
0000001100111111   0000000000111100   0000000000010111   
0000001101001111   0000000000101010   0000000000001100   
0000001101111111   0000000000111010   0000000000001101   
0000001110111110   0000000001001011   0000000000001110   
0000010000000010   0000000001010011   0000000000001100   
0000010001011110   0000000001100111   0000000000001110   
0000010010101001   0000000001011100   0000000000000111   
0000010011001101   0000000000111100   1111111111111110   
0000010010100010   1111111111100100   1111111111100100   
0000010000110011   1111111110000010   1111111111010001   
0000001111010101   1111111101110001   1111111111011001   
0000010000010001   1111111111100110   0000000000001000   
0000010001011110   0000000001000100   0000000000100010   
0000010010111010   0000000001111001   0000000000101000   
0000010100001010   0000000010000100   0000000000100010   
0000010100110101   0000000001100001   0000000000010100   
0000010110000110   0000000001100110   0000000000010000   
0000010111100010   0000000001101111   0000000000001110   
0000011000101100   0000000001011110   0000000000001000   
0000011000110100   0000000000100100   1111111111110100   
0000011000101011   1111111111110010   1111111111101010   
0000010110001111   1111111101011010   1111111111000111   
0000010011100010   1111111100011100   1111111111000110   
0000010001111000   1111111101000111   1111111111100100   
0000010001000010   1111111110011010   0000000000000010   
0000010000001111   1111111111001011   0000000000001111   
0000001111011111   1111111111011110   0000000000010000   
0000001111010111   0000000000000100   0000000000010111   
0000001111000101   0000000000001010   0000000000010010   
0000001111000011   0000000000010100   0000000000010000   
0000001110101010   0000000000000010   0000000000001001   
0000001110001011   1111111111101101   0000000000000001   
0000001101100101   1111111111011111   1111111111111101   
0000001101000001   1111111111011010   1111111111111101   
0000001100111001   1111111111101110   0000000000000100   
0000001100100001   1111111111101101   0000000000000011   
0000001100000100   1111111111100110   0000000000000000   
0000001011001000   1111111111001110   1111111111111011   
0000001010011110   1111111111001111   1111111111111101   
0000001010010110   1111111111101111   0000000000000111   
0000001010000001   1111111111110011   0000000000000110   
0000001010011000   0000000000010101   0000000000001110   
0000001010100011   0000000000011011   0000000000001100   
0000001011011010   0000000000111100   0000000000010010   
0000001110000110   0000000010011100   0000000000100011   
0000010000000110   0000000010101010   0000000000011111   
0000010001011100   0000000001111100   0000000000001010   
0000010001011101   0000000000100111   1111111111101110   
0000010000111001   1111111111010111   1111111111100010   
0000010000000011   1111111110101111   1111111111011111   
0000001111010111   1111111110101110   1111111111101000   
0000001110110001   1111111110111111   1111111111110011   
0000001111001011   1111111111110001   0000000000000001   
0000001111101111   0000000000011101   0000000000001110   
0000010000011100   0000000000111001   0000000000010010   
0000010001000101   0000000000111101   0000000000001110   
0000010001001100   0000000000100010   0000000000000010   
0000010001111100   0000000000101111   0000000000000101   
0000010010100010   0000000000101101   0000000000000011   
0000010011000011   0000000000101000   0000000000000001   
0000010011100010   0000000000100010   0000000000000000   
0000010100000001   0000000000011111   1111111111111111   
0000010100111010   0000000000110010   0000000000000101   
0000010101111011   0000000001000100   0000000000001000   
0000010111000000   0000000001001101   0000000000001000   
0000011000000010   0000000001001100   0000000000000110   
0000011000010100   0000000000011100   1111111111110111   
0000011000001001   1111111111111000   1111111111110001   
0000011000110000   0000000000010000   1111111111111101   
0000011001110100   0000000000111001   0000000000001001   
0000011010100011   0000000000111001   0000000000000111   
0000011011000101   0000000000101111   0000000000000010   
0000011011001101   0000000000010001   1111111111111000   
0000011011000110   1111111111110110   1111111111110010   
0000011010100101   1111111111011000   1111111111101111   
0000011001111111   1111111111001001   1111111111101111   
0000011001110010   1111111111011111   1111111111111010   
0000011001011101   1111111111100010   1111111111111101   
0000011001011000   1111111111110100   0000000000000001   
0000011010101010   0000000000111110   0000000000010111   
0000011100010110   0000000001111100   0000000000100010   
0000011101101101   0000000001111100   0000000000011001   
0000011110010100   0000000001011010   0000000000001100   
0000011110011100   0000000000100001   1111111111110111   
0000011110100101   0000000000000100   1111111111110010   
0000011110100010   1111111111110000   1111111111110000   
0000011110011101   1111111111101001   1111111111110011   
0000011110011010   1111111111101100   1111111111111000   
0000011111001111   0000000000011100   0000000000001001   
0000100000010110   0000000001000011   0000000000010000   
0000100001000101   0000000001000011   0000000000001101   
0000100001010010   0000000000011111   0000000000000000   
0000100001001001   0000000000000000   1111111111110111   
0000100001011010   0000000000000101   1111111111111010   
0000100001111010   0000000000010100   0000000000000000   
0000100010000011   0000000000001010   1111111111111101   
0000100010011011   0000000000010100   0000000000000001   
0000100001101111   1111111111101001   1111111111110111   
0000100000101110   1111111110111101   1111111111101101   
0000011111100010   1111111110100010   1111111111101011   
0000011110110001   1111111110110110   1111111111110110   
0000011110010101   1111111111010000   0000000000000001   
0000011101111001   1111111111100010   0000000000000110   
0000011110101101   0000000000100111   0000000000011001   
0000011111000100   0000000000110101   0000000000010111   
0000100011101001   0000000100000100   0000000000111100   
0000100110000011   0000000011011111   0000000000100010   
0000100110101010   0000000001110100   1111111111111000   
0000100111000000   0000000000011101   1111111111101000   
0000100110101011   1111111111011111   1111111111011101   
0000100110110110   1111111111100001   1111111111100111   
0000100110110110   1111111111100100   1111111111101111   
0000100110111001   1111111111101000   1111111111110100   
0000100111010000   0000000000000011   0000000000000000   
0000100111000100   1111111111110110   1111111111111100   
0000100110001111   1111111111001010   1111111111110001   
0000100101000101   1111111110101011   1111111111101100   
0000100100010100   1111111110110101   1111111111110101   
0000100100010000   1111111111100000   0000000000000101   
0000100100010111   0000000000000000   0000000000001011   
0000100100000100   1111111111111101   0000000000001000   
0000100011101000   1111111111101110   0000000000000010   
0000100010101010   1111111111001110   1111111111111000   
0000100010010110   1111111111011111   1111111111111101   
0000100011001100   0000000000011111   0000000000010001   
0000100100110000   0000000001101010   0000000000100001   
0000100110110111   0000000010100101   0000000000101000   
0000101000010001   0000000010011001   0000000000011101   
0000101000101011   0000000001001100   1111111111111101   
0000101000110000   0000000000001101   1111111111101101   
0000100111110111   1111111110111010   1111111111011100   
0000100110001001   1111111101110111   1111111111010011   
0000100101001000   1111111110000110   1111111111100101   
0000100100010001   1111111110011110   1111111111110100   
0000100010111101   1111111110011100   1111111111110110   
0000100010010011   1111111110111110   1111111111111111   
0000100011010100   0000000000110101   0000000000100000   
0000100101010000   0000000010001011   0000000000110000   
0000100110010111   0000000010000010   0000000000100101   
0000100110011101   0000000001000111   0000000000001000   
0000100110010011   0000000000001010   1111111111110101   
0000100110000111   1111111111101011   1111111111110000   
0000100101111101   1111111111100011   1111111111110010   
0000100110101000   0000000000010001   0000000000000100   
0000100110100101   0000000000000100   1111111111111111   
0000100110001010   1111111111100111   1111111111110111   
0000100101100011   1111111111010011   1111111111110100   
0000100100111110   1111111111001101   1111111111110110   
0000100100000010   1111111110111100   1111111111110100   
0000100011000000   1111111110110001   1111111111110100   
0000100001100011   1111111110011010   1111111111110010   
0000011111111111   1111111110001110   1111111111110011   
0000011110011100   1111111110001101   1111111111110111   
0000011100111010   1111111110010010   1111111111111010   
0000011011011100   1111111110011001   1111111111111110   
0000011001111110   1111111110011111   0000000000000000   
0000011000011111   1111111110100001   0000000000000001   
0000010110100110   1111111110010000   1111111111111101   
0000010100111110   1111111110010011   1111111111111111   
0000010011011101   1111111110011100   0000000000000010   
0000010001111110   1111111110100011   0000000000000011   
0000010000100000   1111111110100101   0000000000000011   
0000001111011001   1111111110111001   0000000000001000   
0000001110011101   1111111111001010   0000000000001011   
0000001110010101   1111111111110101   0000000000010010   
0000001110011100   0000000000010101   0000000000010101   
0000001110111100   0000000000110100   0000000000011000   
0000001111111101   0000000001010110   0000000000011011   
0000010001000101   0000000001100101   0000000000011001   
0000010010001000   0000000001100100   0000000000010001   
0000010011111100   0000000010000011   0000000000010101   
0000010111001000   0000000011011011   0000000000100111   
0000011010000111   0000000011101110   0000000000100011   
0000011100000101   0000000010110100   0000000000000111   
0000011101010111   0000000001101000   1111111111110000   
0000011110010000   0000000000101101   1111111111100100   
0000011110001011   1111111111101011   1111111111011001   
0000011111011110   0000000000011010   1111111111110011   
0000011111100101   1111111111111110   1111111111101111   
0000011110101101   1111111111000111   1111111111100111   
0000011101100100   1111111110100010   1111111111100101   
0000011011101010   1111111101101101   1111111111011110   
0000011010010010   1111111101111001   1111111111101100   
0000011001001011   1111111110011010   1111111111110111   
0000011001001001   1111111111011110   0000000000001110   
0000011010100011   0000000001010101   0000000000101011   
0000011101000110   0000000011001000   0000000000111111   
0000011111001111   0000000011011011   0000000000110101   
0000100001000011   0000000010111010   0000000000011011   
0000011101111001   1111111110001101   1111111111000010   
0000011100110010   1111111101110111   1111111111001101   
0000011101011000   1111111111001010   1111111111110101   
0000011101101001   1111111111111010   0000000000000111   
0000011101100001   1111111111111111   0000000000000110   
0000011101111010   0000000000010111   0000000000001010   
0000011110000011   0000000000010110   0000000000001000   
0000011110110110   0000000000111001   0000000000001111   
0000011111100011   0000000000111111   0000000000001100   
0000100000001001   0000000000110110   0000000000001000   
0000100000100110   0000000000101011   0000000000000010   
0000100000101001   0000000000001011   1111111111111001   
0000011111110101   1111111111001010   1111111111101001   
0000011110100110   1111111110100010   1111111111100101   
0000011101000010   1111111110000010   1111111111100100   
0000011011110101   1111111110001111   1111111111101111   
0000011011001001   1111111110111101   0000000000000000   
0000011010110101   1111111111100001   0000000000001011   
0000011010011110   1111111111110010   0000000000001101   
0000011010011101   0000000000001001   0000000000010000   
0000011100001001   0000000001011110   0000000000011111   
0000011111100011   0000000011011101   0000000000110010   
0000100010010000   0000000011100011   0000000000100110   
0000100010101110   0000000001110001   1111111111111000   
0000100011110000   0000000001000010   1111111111110000   
0000100100001001   0000000000010011   1111111111100111   
0000100100000101   1111111111100111   1111111111100010   
0000100100101011   0000000000000011   1111111111110010   
0000100100111101   1111111111111111   1111111111110100   
0000100100111111   1111111111110110   1111111111110101   
0000100100100100   1111111111011101   1111111111110001   
0000100100011000   1111111111100011   1111111111110111   
0000100100011001   1111111111110001   1111111111111110   
0000100100110011   0000000000010001   0000000000001000   
0000100101110101   0000000000111111   0000000000010011   
0000100110001010   0000000000110101   0000000000001101   
0000100111000000   0000000001000011   0000000000001101   
0000100111101001   0000000000111000   0000000000000110   
0000100111101100   0000000000010101   1111111111111010   
0000100111010000   1111111111100110   1111111111110010   
0000100110001010   1111111110110110   1111111111101000   
0000100101000000   1111111110011110   1111111111101000   
0000100011111000   1111111110011101   1111111111101110   
0000100011101100   1111111111000111   1111111111111011   
0000100011101101   1111111111110010   0000000000001001   
0000100100010100   0000000000101000   0000000000010101   
0000100100001111   0000000000010100   0000000000001010   
0000100100000111   0000000000001000   0000000000000011   
0000100010111100   1111111111000110   1111111111101110   
0000100001100110   1111111110011111   1111111111101000   
0000100000011011   1111111110010110   1111111111101011   
0000011110111101   1111111110001010   1111111111101101   
0000011101011010   1111111110001000   1111111111110010   
0000011100010100   1111111110100001   1111111111111110   
0000011011101101   1111111111001110   0000000000000111   
0000011011011001   1111111111101100   0000000000001110   
0000011010100111   1111111111100001   0000000000000111   
0000011001101010   1111111111001101   0000000000000000   
0000011000001010   1111111110101110   1111111111111001   
0000010110111110   1111111110101100   1111111111111011   
0000010110110000   1111111111100010   0000000000001011   
0000010110011101   1111111111110111   0000000000001110   
0000010110000100   1111111111111001   0000000000001010   
0000010101001111   1111111111011101   1111111111111111   
0000010011101110   1111111110101101   1111111111110001   
0000010010111001   1111111110110011   1111111111110110   
0000010011001010   1111111111110010   0000000000000101   
0000010011101111   0000000000100110   0000000000010010   
0000010100011110   0000000000111111   0000000000010100   
0000010100101111   0000000000101101   0000000000001100   
0000010100101011   0000000000010100   0000000000000001   
0000010011110010   1111111111010100   1111111111101111   
0000010011000010   1111111110111111   1111111111101110   
0000010010000000   1111111110101100   1111111111101110   
0000010000111011   1111111110100111   1111111111110010   
0000010000010100   1111111111000100   1111111111111110   
0000001111110110   1111111111011110   0000000000000110   
0000001111011110   1111111111101100   0000000000001000   
0000001111011011   0000000000000010   0000000000001100   
0000001111011111   0000000000010000   0000000000001101   
0000010000010111   0000000000111001   0000000000010011   
0000010000001111   0000000000011010   0000000000001001   
0000010000001010   0000000000000111   0000000000000001   
0000010000000011   1111111111111101   1111111111111110   
0000010001001000   0000000000110111   0000000000001010   
0000010010000000   0000000001000010   0000000000001010   
0000010010100110   0000000000110101   0000000000000100   
0000010011011111   0000000000111100   0000000000000101   
0000010011101011   0000000000100000   1111111111111110   
0000010011101011   0000000000000011   1111111111110110   
0000010011001001   1111111111011001   1111111111101101   
0000010010001001   1111111110101111   1111111111100111   
0000010000111111   1111111110011011   1111111111101001   
0000001111000111   1111111101110100   1111111111100100   
0000001100111111   1111111101011011   1111111111100101   
0000001011101101   1111111101111001   1111111111110010   
0000001010101111   1111111110100011   1111111111111101   
0000001010100101   1111111111101100   0000000000010010   
0000001011010001   0000000000101111   0000000000100001   
0000001011101000   0000000000111100   0000000000011101   
0000001011101101   0000000000101111   0000000000010000   
0000001011010001   0000000000000000   1111111111111111   
0000001011000100   1111111111110011   1111111111111100   
0000001010100100   1111111111100010   1111111111111001   
0000001011001010   0000000000010011   0000000000001010   
0000001100101101   0000000001100001   0000000000011101   
0000001110000100   0000000001110100   0000000000011010   
0000001111100101   0000000001111111   0000000000010110   
0000010001001001   0000000001111111   0000000000001111   
0000010010101000   0000000001110101   0000000000001000   
0000010100000101   0000000001101101   0000000000000100   
0000010101100011   0000000001100110   0000000000000010   
0000010111000010   0000000001100010   0000000000000000   
0000011000111011   0000000001110100   0000000000000101   
0000011010001100   0000000001011100   1111111111111111   
0000011010010100   0000000000011010   1111111111101100   
0000011010111101   0000000000010010   1111111111101111   
0000011100001100   0000000000111001   1111111111111110   
0000011110001111   0000000001101010   0000000000001001   
0000011110110110   0000000000111011   1111111111111000   
0000101110001011   0000001100111111   0000000011001101   
0000110100101011   0000001010001111   0000000001100101   
0000110100011011   0000000011110000   1111111111001010   
0000110010110011   1111111110011011   1111111101110100   
0000101111110101   1111111011001010   1111111101011111   
0000101101000010   1111111010000100   1111111101110011   
0000101010101011   1111111010100111   1111111110010110   
0000101000000101   1111111011100001   1111111111000011   
0000100110010111   1111111100101100   1111111111101100   
0000100100100001   1111111101100110   1111111111111100   
0000100010110101   1111111110000110   0000000000000111   
0000100000111111   1111111110010000   0000000000001000   
0000011111011100   1111111110100100   0000000000001011   
0000011110000000   1111111110101111   0000000000001011   
0000011100111100   1111111111000101   0000000000001110   
0000011100011010   1111111111101000   0000000000010100   
0000011100110001   0000000000100111   0000000000100000   
0000011101011111   0000000001001100   0000000000100010   
0000011110001011   0000000001010011   0000000000011010   
0000011110010010   0000000000110010   0000000000001000   
0000011110100111   0000000000100110   0000000000000100   
0000011110001110   1111111111111010   1111111111111010   
0000011101010010   1111111111000011   1111111111101101   
0000011100011110   1111111110110111   1111111111101111   
0000011011011101   1111111110101101   1111111111110000   
0000011010110110   1111111110111111   1111111111111010   
0000011010110010   1111111111101101   0000000000001000   
0000011010100000   1111111111110110   0000000000001000   
0000011011010010   0000000000101000   0000000000010001   
0000011101011111   0000000010001101   0000000000101010   
0000011111100010   0000000010101111   0000000000101000   
0000100000001100   0000000001011101   0000000000000111   
0000011110101100   1111111111010010   1111111111011011   
0000011100100000   1111111101011110   1111111111000011   
0000011010011010   1111111100110110   1111111111001001   
0000011001111001   1111111101110100   1111111111100011   
0000011000110000   1111111110001011   1111111111101101   
0000011001100111   0000000000010101   0000000000011000   
0000011100011011   0000000010101000   0000000000111101   
0000011110010001   0000000010111011   0000000000110101   
0000011111011010   0000000010011001   0000000000011011   
0000011111111100   0000000001001111   1111111111111111   
0000100000010011   0000000000011010   1111111111110001   
0000100000111100   0000000000010110   1111111111110011   
0000100010001101   0000000000111010   0000000000000010   
0000100011000001   0000000000110111   0000000000000001   
0000100011111110   0000000000111110   0000000000000011   
0000100100100101   0000000000110000   1111111111111110   
0000100011111101   1111111111100101   1111111111101000   
0000100001111000   1111111101111100   1111111111010000   
0000011111100100   1111111101000001   1111111111001110   
0000100000100101   1111111111010100   1111111111110101   
0000100011101110   0000000010101010   0000000000110010   
0000100111010011   0000000100001001   0000000001000000   
0000101001001111   0000000011010100   0000000000101001   
0000101001010001   0000000001011011   1111111111111000   
0000101001010100   0000000000001001   1111111111100100   
0000101001011111   1111111111101111   1111111111100101   
0000101001011101   1111111111011110   1111111111100111   
0000101001101111   1111111111110000   1111111111110100   
0000101010010100   0000000000010001   0000000000000000   
0000101010111001   0000000000100100   0000000000000101   
0000101011011111   0000000000101011   0000000000000110   
0000101100110011   0000000001010011   0000000000010000   
0000101100011001   0000000000001111   1111111111110111   
0000101010100000   1111111110101000   1111111111100010   
0000101001000010   1111111110000101   1111111111100001   
0000101000100010   1111111110111001   1111111111111000   
0000101001111011   0000000000101100   0000000000011101   
0000101011101010   0000000010000001   0000000000101000   
0000101100101110   0000000001111010   0000000000011010   
0000101100111010   0000000000110111   0000000000000001   
0000101100110100   0000000000000000   1111111111110010   
0000101101011000   0000000000001011   1111111111111000   
0000101110101001   0000000000111101   0000000000001001   
0000101111111011   0000000001011000   0000000000001110   
0000110000101101   0000000001000011   0000000000000100   
0000110000101111   0000000000010101   1111111111110101   
0000101111111001   1111111111001100   1111111111100010   
0000101111011011   1111111110111111   1111111111100111   
0000110000000111   1111111111110001   1111111111111000   
0000110000110011   0000000000010110   0000000000000001   
0000110000101010   1111111111111011   1111111111111001   
0000110000100001   1111111111110001   1111111111111000   
0000110000110101   0000000000000110   1111111111111110   
0000110001110011   0000000000101111   0000000000001011   
0000110010111010   0000000001001111   0000000000010001   
0000110100110010   0000000010000110   0000000000011011   
0000110101110001   0000000001110000   0000000000010000   
0000110110011000   0000000001000011   1111111111111110   
0000110110010001   0000000000000010   1111111111101101   
0000110110000101   1111111111100010   1111111111101001   
0000110101100001   1111111111000111   1111111111101000   
0000110100001010   1111111110010110   1111111111100001   
0000110011101110   1111111110110011   1111111111110011   
0000110100100010   1111111111111111   0000000000000111   
0000110100111010   0000000000011001   0000000000001011   
0000110100101101   0000000000000001   0000000000000001   
0000110100001001   1111111111100101   1111111111111000   
0000110000001100   1111111100100000   1111111111010010   
0000101110001010   1111111100111011   1111111111101000   
0000101111000101   1111111111111100   0000000000100011   
0000110010000000   0000000011001110   0000000001010011   
0000110111000101   0000000101110011   0000000001100101   
0000111100100110   0000000111001001   0000000001100001   
0001000001100001   0000000110110010   0000000001000000   
0001000101011101   0000000101001011   0000000000010010   
0001000101101010   0000000001101000   1111111111001001   
0001000111000101   0000000000100110   1111111111000110   
0001000111001000   1111111111010001   1111111110111110   
0001000111101101   1111111111001001   1111111111001011   
0001001001011010   0000000000010010   1111111111100100   
0001001011110011   0000000001110010   0000000000000110   
0001001101100001   0000000001110101   0000000000000101   
0001001101100110   0000000000011100   1111111111110010   
0001001101001100   1111111111100101   1111111111100110   
0001001100100011   1111111110111111   1111111111100011   
0001001100101001   1111111111100011   1111111111110101   
0001001100000010   1111111111010001   1111111111110100   
0001001011110101   1111111111100001   1111111111111100   
0001001000101000   1111111101001010   1111111111010100   
0001000101001101   1111111011111100   1111111111001011   
0001000010101010   1111111100010001   1111111111100001   
0001000001100111   1111111110000001   0000000000001100   
0001000010011000   0000000000010100   0000000000110101   
0001000010100010   0000000001000010   0000000000110100   
0001000001111001   0000000000100100   0000000000100100   
0001000000111111   1111111111110010   0000000000001101   
0000111111010101   1111111110111000   1111111111111000   
0000111100111011   1111111101101100   1111111111101010   
0000111010100001   1111111101010010   1111111111101001   
0000111000011000   1111111101011010   1111111111110001   
0000110101111101   1111111101010101   1111111111110100   
0000110011110111   1111111101100011   1111111111111010   
0000110001011111   1111111101100001   1111111111111011   
0000101111000000   1111111101011100   1111111111111011   
0000101100011111   1111111101011010   1111111111111100   
0000101001111111   1111111101011010   1111111111111101   
0000100111110110   1111111101101111   0000000000000100   
0000100101111011   1111111110000100   0000000000001001   
0000100100011010   1111111110100000   0000000000001101   
0000100010100101   1111111110011101   0000000000001010   
0000100001000001   1111111110100110   0000000000001010   
0000100000101111   1111111111101000   0000000000011011   
0000011110100110   1111111110100101   0000000000001000   
0000011101000010   1111111110100110   0000000000000110   
0000011011100010   1111111110100111   0000000000000101   
0000011010000010   1111111110100110   0000000000000011   
0000011000001000   1111111110010011   1111111111111110   
0000010110011111   1111111110010100   1111111111111111   
0000010100111110   1111111110011100   0000000000000001   
0000010011011111   1111111110100001   0000000000000010   
0000010010011010   1111111110110111   0000000000001000   
0000010001110100   1111111111011100   0000000000010001   
0000010001110111   0000000000001011   0000000000011010   
0000010010000000   0000000000100100   0000000000011010   
0000010010000111   0000000000101000   0000000000010110   
0000010010111100   0000000001001010   0000000000011001   
0000010011100111   0000000001001011   0000000000010010   
0000010011110101   0000000000101010   0000000000001000   
0000010100000110   0000000000011111   0000000000000010   
0000010100000111   0000000000001000   1111111111111011   
0000010100000100   1111111111111001   1111111111111000   
0000010011111111   1111111111110011   1111111111111000   
0000010011111101   1111111111110100   1111111111111011   
0000010011111101   1111111111111001   1111111111111110   
0000010011111110   1111111111111110   0000000000000000   
0000010011111111   0000000000000001   0000000000000001   
0000010100000000   0000000000000010   0000000000000001   
0000010100000000   0000000000000010   0000000000000001   
0000010100000000   0000000000000010   0000000000000001   
0000010100000000   0000000000000010   0000000000000001   
0000010100000001   0000000000000010   0000000000000001   
0000010100000001   0000000000000001   0000000000000000   
0000010100000001   0000000000000000   0000000000000000   
0000010100000000   1111111111111111   0000000000000000   
0000010100000000   0000000000000000   0000000000000000   
0000010100000000   0000000000000000   0000000000000000   
0000010100000000   0000000000000000   0000000000000000   
0000010100000000   0000000000000000   0000000000000000   
0000010100000000   0000000000000000   0000000000000000   
0000010100000000   0000000000000000   0000000000000000   
0000010100000000   0000000000000000   0000000000000000   
0000010100000000   0000000000000000   0000000000000000   
0000010100000000   0000000000000000   0000000000000000   
0000010100000000   0000000000000000   0000000000000000   
0000010100000000   0000000000000000   0000000000000000   
0000010100000000   0000000000000000   0000000000000000   
0000010100000000   0000000000000000   0000000000000000   
0000010100000000   0000000000000000   0000000000000000   
0000010100000000   0000000000000000   0000000000000000   
0000010100000000   0000000000000000   0000000000000000   
0000010100000000   0000000000000000   0000000000000000   
0000010100000000   0000000000000000   0000000000000000   
0000010100000000   0000000000000000   0000000000000000   
0000010100000000   0000000000000000   0000000000000000   
0000010100000000   0000000000000000   0000000000000000   
0000010100000000   0000000000000000   0000000000000000   
0000010100000000   0000000000000000   0000000000000000   
0000010100000000   0000000000000000   0000000000000000   
0000010100000000   0000000000000000   0000000000000000   
0000100010001110   0000001010111100   0000000010001100   
0000100111110011   0000001000001101   0000000000110110   
0000101000101100   0000000011011011   1111111111001010   
0000101001000010   0000000000000001   1111111110101001   
0000101000100111   1111111110010100   1111111110100010   
0000101000100111   1111111110010001   1111111110111011   
0000101000011110   1111111110101010   1111111111010101   
0000101001000100   1111111111010101   1111111111101000   
0000101001001110   1111111111101001   1111111111110101   
0000101001011000   1111111111111010   1111111111111101   
0000101001110101   0000000000010111   0000000000000110   
0000101001101000   0000000000000010   1111111111111110   
0000101000110011   1111111111010010   1111111111110000   
0000100111100111   1111111110101011   1111111111101001   
0000100111010001   1111111111000000   1111111111110011   
0000100101101001   1111111110010100   1111111111101101   
0000100101000111   1111111111000101   0000000000000000   
0000100101010000   1111111111111010   0000000000010000   
0000100110001011   0000000001000000   0000000000011011   
0000100111000010   0000000001010100   0000000000011001   
0000100111101010   0000000001001000   0000000000001111   
0000101000111101   0000000001100001   0000000000010010   
0000101001101100   0000000001010000   0000000000001010   
0000101010001111   0000000000110101   1111111111111111   
0000101011000001   0000000000110001   1111111111111110   
0000101100010101   0000000001001111   0000000000000111   
0000101101100001   0000000001010100   0000000000000110   
0000101110001101   0000000000111001   1111111111111100   
0000101110001101   0000000000001001   1111111111101111   
0000101110000100   1111111111101100   1111111111101100   
0000101101100011   1111111111001110   1111111111101010   
0000101100111100   1111111111000010   1111111111101101   
0000101100011010   1111111111000100   1111111111110011   
0000101011100000   1111111110111000   1111111111110011   
0000101010011111   1111111110110000   1111111111110101   
0000101001000011   1111111110011011   1111111111110010   
0000100111100000   1111111110001110   1111111111110010   
0000100110110001   1111111110101110   1111111111111100   
0000100111000000   1111111111111011   0000000000010100   
0000101000001101   0000000001010100   0000000000100111   
0000101010101000   0000000010111100   0000000000111001   
0000101110101111   0000000100101111   0000000001001010   
0000110011111000   0000000110001110   0000000001010000   
0000111000110011   0000000110011110   0000000000111101   
0000111101110101   0000000110011011   0000000000101111   
0001000010011011   0000000101110000   0000000000011101   
0001000110111011   0000000101000011   0000000000001001   
0001001001111110   0000000011101001   1111111111101011   
0001001100011010   0000000010010100   1111111111011110   
0001001101010101   0000000000101101   1111111111001001   
0001001101001100   1111111111001001   1111111110111101   
0001001100110101   1111111110100100   1111111111000101   
0001001100101101   1111111110100011   1111111111010010   
0001001100100100   1111111110111011   1111111111100111   
0001001100010100   1111111111001111   1111111111110011   
0001001011111001   1111111111010110   1111111111111000   
0001001011011101   1111111111011001   1111111111111011   
0001001010111110   1111111111011010   1111111111111101   
0001001010000101   1111111111001000   1111111111111001   
0001001000101000   1111111110101000   1111111111110011   
0001010110011111   0000001010001001   0000000010001001   
0001011010001010   0000000110010111   0000000000100010   
0001010111100100   0000000000000000   1111111110011110   
0001010100100001   1111111011111100   1111111101111110   
0001010000000101   1111111001101000   1111111101111001   
0001001010010110   1111111000000100   1111111110000011   
0001000011001111   1111110110110111   1111111110010000   
0000111100000011   1111110110011110   1111111110100011   
0000110110010000   1111111000001000   1111111111011111   
0000110010111101   1111111011011111   0000000000100011   
0000110001110111   1111111111001011   0000000001011010   
0000110010101000   0000000001110100   0000000001110010   
0000110010111111   0000000010011001   0000000001011011   
0000110010101001   0000000001101101   0000000000110011   
0000110001101000   0000000000101000   0000000000011000   
0000110000110101   1111111111111010   0000000000001010   
0000110000001100   1111111111100100   0000000000000001   
0000101111111101   1111111111101111   0000000000000100   
0000101111001011   1111111111011000   1111111111111111   
0000101111010101   1111111111111101   0000000000001010   
0000101111011101   0000000000010001   0000000000001101   
0000101110110100   1111111111101000   1111111111111110   
0000101100110111   1111111110100000   1111111111101111   
0000101011000110   1111111110000001   1111111111101011   
0000101001011011   1111111101111101   1111111111110000   
0000101001101110   1111111111110111   0000000000010110   
0000101010010101   0000000000110010   0000000000100001   
0000101100001010   0000000010001011   0000000000110010   
0000101100110110   0000000001110100   0000000000011100   
0000101010111000   1111111111101000   1111111111110111   
0000101000011110   1111111101111011   1111111111100011   
0000100111111110   1111111110111011   1111111111111100   
0000101001000001   0000000000011111   0000000000011011   
0000101001111000   0000000001001110   0000000000011111   
0000101001011001   0000000000011001   0000000000000110   
0000100111111011   1111111110111011   1111111111101011   
0000100110001110   1111111110000001   1111111111100001   
0000100100011101   1111111101101100   1111111111100011   
0000100011001010   1111111110000101   1111111111110011   
0000100010101011   1111111111000110   0000000000001000   
0000100010010100   1111111111101110   0000000000010001   
0000100010000000   1111111111111110   0000000000010001   
0000100001101000   1111111111111100   0000000000001011   
0000100001100001   0000000000000101   0000000000001010   
0000100001100001   0000000000001100   0000000000001001   
0000100001100010   0000000000001101   0000000000000111   
0000100001100100   0000000000001010   0000000000000100   
0000100001001001   1111111111110001   1111111111111011   
0000100000111111   1111111111110000   1111111111111100   
0000100001110001   0000000000011111   0000000000001011   
0000100010011101   0000000000110101   0000000000001110   
0000100011000101   0000000000110111   0000000000001011   
0000100011100101   0000000000110010   0000000000001000   
0000100100000110   0000000000101100   0000000000000100   
0000100100111101   0000000000111010   0000000000000111   
0000100101100110   0000000000110001   0000000000000011   
0000100100110110   1111111111101010   1111111111101101   
0000100011000000   1111111110000111   1111111111010101   
0000100001000001   1111111101011000   1111111111010100   
0000100001010101   1111111110101110   1111111111110001   
0000100100111001   0000000010001101   0000000000100001   
0000101000001010   0000000011101100   0000000000110010   
0000101001001000   0000000010011000   0000000000001010   
0000101001010000   0000000000101010   1111111111110010   
0000101001111111   0000000000100000   1111111111110011   
0000101010111010   0000000000101010   1111111111111001   
0000101011111001   0000000000110110   1111111111111110   
0000101100111101   0000000000111110   0000000000000000   
0000101100011111   1111111111110001   1111111111101001   
0000101010011011   1111111101110111   1111111111001110   
0000101000011101   1111111101001111   1111111111010001   
0000100111100100   1111111101111101   1111111111101101   
0000100111011000   1111111111001101   0000000000001011   
0000101000001001   0000000000100101   0000000000100010   
0000101001010111   0000000001100011   0000000000101000   
0000101010100101   0000000001111011   0000000000100101   
0000101011011000   0000000001011110   0000000000010011   
0000101101011000   0000000010001011   0000000000011011   
0000110001110001   0000000100011100   0000000000110011   
0000110110011100   0000000101011011   0000000000110111   
0000111001100010   0000000100010100   0000000000010101   
0000111011010110   0000000010010110   1111111111101101   
0000111011111010   0000000000110100   1111111111011100   
0000111101010100   0000000000101111   1111111111100101   
0000111111001111   0000000001010100   1111111111110110   
0001000000100001   0000000001001000   1111111111110101   
0001000001001000   0000000000100011   1111111111101101   
0001000000110011   1111111111100001   1111111111011111   
0000111110110110   1111111101111000   1111111111001001   
0000111100111101   1111111101001011   1111111111001011   
0000111100000100   1111111101110101   1111111111011110   
0000111011000110   1111111110011010   1111111111110001   
0000111010101110   1111111111000111   0000000000000011   
0000111001111101   1111111111010001   0000000000000100   
0000111001110111   1111111111110100   0000000000001101   
0000111001111100   0000000000001111   0000000000010001   
0000111010000011   0000000000011000   0000000000001111   
0000111010011111   0000000000101010   0000000000010000   
0000111010101010   0000000000100000   0000000000001000   
0000111101000100   0000000010001111   0000000000100100   
0001000000001101   0000000011101000   0000000000110010   
0001000010110000   0000000011100101   0000000000100010   
0001000011110101   0000000010000010   1111111111111010   
0001000011111100   0000000000011110   1111111111011110   
0001000011010001   1111111111001001   1111111111010011   
0001000010011111   1111111110100000   1111111111010100   
0001000010001000   1111111110110111   1111111111100110   
0001000001110100   1111111111000110   1111111111110010   
0001000001101111   1111111111100100   1111111111111011   
0001000001011110   1111111111100111   1111111111111101   
0001000001011011   1111111111110111   0000000000000010   
0001000100000101   0000000010011101   0000000000101111   
0001000101010010   0000000010010101   0000000000100011   
0001000100001010   0000000000000000   1111111111101100   
0001000010000000   1111111101110111   1111111111001100   
0001000001110110   1111111110110111   1111111111101100   
0001000100001100   0000000001001111   0000000000100000   
0001000110001111   0000000010011010   0000000000101101   
0001000110111010   0000000001110001   0000000000010011   
0001000111010100   0000000001001000   0000000000000110   
0001000111101011   0000000000101001   1111111111111111   
0001001000011101   0000000000110000   0000000000000001   
0001001001011100   0000000000111101   0000000000000101   
0001001001101110   0000000000011110   1111111111111110   
0001001001001110   1111111111101101   1111111111110000   
0001001010001101   0000000000100010   0000000000000011   
0001001100000100   0000000001110011   0000000000011000   
0001001101100100   0000000001111110   0000000000010101   
0001001110110001   0000000001101010   0000000000001001   
0001001111010001   0000000000110100   1111111111111000   
0001001111010001   1111111111111101   1111111111101011   
0001001111110111   0000000000000111   1111111111110100   
0001010000011000   0000000000010000   1111111111111010   
0001010000001000   1111111111110001   1111111111110011   
0001001111111111   1111111111101000   1111111111110100   
0001001111111011   1111111111101100   1111111111110111   
0001010001000010   0000000000110110   0000000000001110   
0001010101001111   0000000011101001   0000000001000000   
0001011001101110   0000000101010110   0000000001001001   
0001011100001011   0000000100010001   0000000000011110   
0001011100110101   0000000001101100   1111111111101001   
0001011011111000   1111111110111010   1111111110111111   
0001011001010101   1111111100111001   1111111110110001   
0001010110011100   1111111011110101   1111111110110100   
0001010011010001   1111111011011111   1111111111000011   
0001010001100100   1111111101000111   1111111111110000   
0001010001110010   1111111111010000   0000000000011110   
0001010001110001   0000000000010101   0000000000101010   
0001010000011001   1111111111101011   0000000000010001   
0001001110011001   1111111110110010   0000000000000001   
0001001100101000   1111111110011000   1111111111111100   
0001001011000000   1111111110010100   1111111111111100   
0001001010010010   1111111111000000   0000000000001010   
0001001010001101   1111111111111011   0000000000010100   
0001001010011100   0000000000011110   0000000000011001   
0001001010111111   0000000000111011   0000000000011010   
0001001011111111   0000000001011001   0000000000011011   
0001001100101011   0000000001010101   0000000000010100   
0001001100100000   0000000000011001   1111111111111100   
0001001011110001   1111111111011000   1111111111101011   
0001001010010010   1111111110010001   1111111111011101   
0001000111010011   1111111100110000   1111111111001010   
0001000100110001   1111111100100000   1111111111010101   
0001000011111001   1111111101110110   1111111111111100   
0001000011111111   1111111111010110   0000000000010010   
0001000100010010   0000000000010111   0000000000011011   
0001000011110010   0000000000000000   0000000000001101   
0001000011001001   1111111111101110   0000000000000100   
0001000010111110   1111111111111000   0000000000000101   
0001000010001010   1111111111011011   1111111111111011   
0001000001111011   1111111111101001   0000000000000000   
0001000001111001   1111111111111100   0000000000000101   
0001000001111110   0000000000000111   0000000000000110   
0001000001101001   1111111111110110   1111111111111111   
0001000000010010   1111111110110100   1111111111101101   
0000111110010010   1111111101110001   1111111111100000   
0000111100011011   1111111101100011   1111111111100101   
0000111011001000   1111111110000101   1111111111110111   
0000111010010000   1111111110110000   0000000000000111   
0000111001000000   1111111110110111   0000000000000111   
0000110110110000   1111111110001000   1111111111111100   
0000110011110110   1111111101001000   1111111111101100   
0000110011000010   1111111110011001   0000000000001010   
0000101111111111   1111111101010110   1111111111111011   
0000101110101100   1111111110010100   0000000000001111   
0000101110101000   1111111111111011   0000000000100111   
0000101110111001   0000000000110110   0000000000101100   
0000101110101111   0000000000110110   0000000000100010   
0000101110000001   0000000000000101   0000000000001001   
0000101100011001   1111111110110010   1111111111110000   
0000101010010011   1111111101101110   1111111111100010   
0000101000011010   1111111101100011   1111111111101000   
0000100110010111   1111111101100001   1111111111101111   
0000100011111111   1111111101010101   1111111111110001   
0000100001111000   1111111101011111   1111111111110111   
0000100000010010   1111111110000100   0000000000000000   
0000100000010110   1111111111111001   0000000000100000   
0000100010000101   0000000001110100   0000000000111011   
0000100011100110   0000000010011111   0000000000111000   
0000100011111111   0000000001110000   0000000000011001   
0000100011000111   1111111111111011   1111111111110010   
0000100010101001   1111111111010110   1111111111101100   
0000100011101000   0000000000001011   1111111111111100   
0000100110100101   0000000010011011   0000000000101000   
0000100111110010   0000000010000001   0000000000010110   
0000101000000101   0000000000110010   1111111111111010   
0000100111110000   1111111111110110   1111111111101010   
0000101100110010   0000000011110100   0000000000111101   
0000110001101111   0000000101101001   0000000001001110   
0000110110010001   0000000110000110   0000000001000011   
0000111001101000   0000000101000011   0000000000101000   
0000111010110011   0000000010000111   1111111111101010   
0000111001101111   1111111111010101   1111111110111011   
0000111000010001   1111111101100110   1111111110110011   
0000110110011000   1111111100110011   1111111110111011   
0000110100101010   1111111100111110   1111111111010001   
0000110010010010   1111111100110110   1111111111011100   
0000110000101010   1111111101010110   1111111111101011   
0000110000010000   1111111110111001   0000000000001111   
0000101111011100   1111111111011000   0000000000010011   
0000101111101101   0000000000011111   0000000000100001   
0000110001010000   0000000001110101   0000000000110001   
0000110011011001   0000000010110111   0000000000110110   
0000110101001111   0000000010111011   0000000000100111   
0000110111001110   0000000010111000   0000000000011110   
0000111000011001   0000000010000010   0000000000001101   
0000111000111111   0000000000111010   1111111111110110   
0000110111111101   1111111111010000   1111111111011001   
0000110110010011   1111111101111001   1111111111001111   
0000110100000010   1111111101000001   1111111111001101   
0000110010001111   1111111101001110   1111111111011110   
0000110000111111   1111111110000110   1111111111110111   
0000110000001111   1111111110110000   0000000000000010   
0000101111110000   1111111111011011   0000000000001110   
0000101111011100   1111111111110111   0000000000010010   
0000101111011101   0000000000010010   0000000000010100   
0000101111111101   0000000000110001   0000000000010111   
0000110000001100   0000000000101011   0000000000001110   
0000101111110000   0000000000000011   1111111111111110   
0000110000011000   0000000000011010   0000000000000100   
0000110001010111   0000000000111011   0000000000001010   
0000110010011101   0000000001001111   0000000000001101   
0000110010101110   0000000000101101   1111111111111111   
0000110100111111   0000000001111111   0000000000010000   
0000110110100110   0000000001111100   0000000000001010   
0000110111101100   0000000001011001   1111111111111110   
0000111000010001   0000000000101000   1111111111110001   
0000110111110001   1111111111100111   1111111111100110   
0000110111000110   1111111110111110   1111111111100010   
0000110111001111   1111111111011111   1111111111110011   
0000110111010100   1111111111110100   1111111111111100   
0000110111011100   1111111111111111   0000000000000001   
0000110111000111   1111111111101111   1111111111111100   
0000110110111110   1111111111110001   1111111111111110   
0000110110111101   1111111111111001   0000000000000000   
0000110110111110   1111111111111111   0000000000000001   
0000110111101111   0000000000101110   0000000000001110   
0000111000111001   0000000001010010   0000000000010101   
0000111000100011   0000000000010000   0000000000000100   
0000111000001010   1111111111110100   1111111111111010   
0000111000000000   1111111111101111   1111111111111010   
0000110111100100   1111111111011111   1111111111110111   
0000110111000001   1111111111010100   1111111111110111   
0000110110011101   1111111111010010   1111111111111001   
0000110110010111   1111111111101101   0000000000000010   
0000110101101001   1111111111010110   1111111111111011   
0000110101000000   1111111111010010   1111111111111011   
0000110011101101   1111111110101110   1111111111110010   
0000110010000101   1111111110001111   1111111111101101   
0000110001010010   1111111110100111   1111111111110111   
0000110000011001   1111111110110110   1111111111111100   
0000101111011100   1111111110111110   1111111111111111   
0000101110000101   1111111110101101   1111111111111010   
0000101100001101   1111111110001000   1111111111110100   
0000101010000100   1111111101101111   1111111111110000   
0000101000110010   1111111110010100   1111111111111110   
0000101000001010   1111111111010000   0000000000001111   
0000101001100001   0000000000111100   0000000000100100   
0000101010000111   0000000001001110   0000000000011111   
0000101011011110   0000000001110101   0000000000100001   
0000101011111101   0000000001000111   0000000000001011   
0000101011011001   0000000000000000   1111111111110010   
0000101100100110   0000000000110010   0000000000000101   
0000101100010001   0000000000000000   1111111111110101   
0000101010110101   1111111110110101   1111111111100111   
0000101001100010   1111111110010110   1111111111100110   
0000100111111110   1111111110000010   1111111111101000   
0000100110000000   1111111101101010   1111111111101000   
0000100100010011   1111111101110100   1111111111101111   
0000100010011011   1111111101110011   1111111111110100   
0000100000110111   1111111110001001   1111111111111101   
0000011111011000   1111111110011100   0000000000000011   
0000011101111110   1111111110100110   0000000000000101   
0000011100111001   1111111110111101   0000000000001010   
0000011011111110   1111111111001110   0000000000001100   
0000011011000011   1111111111010010   0000000000001010   
0000011010111000   1111111111110111   0000000000010010   
0000011010111100   0000000000010100   0000000000010101   
0000011010101001   0000000000001011   0000000000001100   
0000011010001010   1111111111111010   0000000000000110   
0000011010000001   1111111111111110   0000000000000110   
0000011010000000   0000000000000101   0000000000000110   
0000011010011011   0000000000011100   0000000000001011   
0000011010111110   0000000000101101   0000000000001100   
0000011010101110   0000000000001010   1111111111111110   
0000011010001011   1111111111100010   1111111111110100   
0000011001100011   1111111111001101   1111111111110010   
0000011000111101   1111111111001000   1111111111110100   
0000011000011001   1111111111001101   1111111111111001   
0000011000010101   1111111111101110   0000000000000100   
0000011000011001   0000000000000110   0000000000001001   
0000011000100000   0000000000010000   0000000000001001   
0000011000100100   0000000000001111   0000000000000110   
0000011000111110   0000000000011101   0000000000001000   
0000011001000101   0000000000010110   0000000000000101   
0000011001000101   0000000000001010   0000000000000010   
0000011001000100   0000000000000010   1111111111111111   
0000011001000001   1111111111111101   1111111111111110   
0000011001000000   1111111111111100   1111111111111110   
0000011000111111   1111111111111101   1111111111111111   
0000011000111111   1111111111111111   0000000000000000   
0000011001000000   0000000000000000   0000000000000000   
0000011000100110   1111111111101110   1111111111111100   
0000011000000101   1111111111011110   1111111111111000   
0000010111111011   1111111111101010   1111111111111101   
0000010111111001   1111111111111010   0000000000000010   
0000010111111110   0000000000000100   0000000000000100   
0000011000011001   0000000000011011   0000000000001010   
0000011000100100   0000000000011001   0000000000000110   
0000011000111111   0000000000100001   0000000000000110   
0000011001100000   0000000000100111   0000000000000110   
0000011010011010   0000000000111110   0000000000001011   
0000011011111001   0000000001100010   0000000000010011   
0000011101011111   0000000001111000   0000000000010100   
0000011110101010   0000000001101010   0000000000001010   
0000100000000100   0000000001100110   0000000000000110   
0000100001001011   0000000001001111   1111111111111110   
0000100010000101   0000000000111110   1111111111111011   
0000100010101001   0000000000100011   1111111111110100   
0000100011000010   0000000000001111   1111111111110010   
0000100011110100   0000000000100001   1111111111111011   
0000100100011110   0000000000100011   1111111111111101   
0000100101000000   0000000000011111   1111111111111101   
0000100101100000   0000000000011101   1111111111111101   
0000100101111111   0000000000011100   1111111111111101   
0000100110111001   0000000000110000   0000000000000010   
0000100110110010   0000000000000000   1111111111110100   
0000100110100011   1111111111101001   1111111111110001   
0000100110110011   1111111111111011   1111111111111000   
0000100111110001   0000000000100110   0000000000000111   
0000101000000100   0000000000011101   0000000000000011   
0000101100010000   0000000011111011   0000000000111111   
0000101110110100   0000000011111110   0000000000110010   
0000101111100101   0000000010000101   1111111111111111   
0000101111100000   0000000000001111   1111111111011111   
0000101111100100   1111111111100100   1111111111011100   
0000101111110110   1111111111100011   1111111111100111   
0000110000001110   1111111111110110   1111111111110100   
0000110001001111   0000000000100100   0000000000000101   
0000110001111110   0000000000110000   0000000000000111   
0000110001101111   0000000000000110   1111111111111101   
0000110001111101   0000000000001011   1111111111111111   
0000110011010000   0000000001000001   0000000000010000   
0000110100110100   0000000001101110   0000000000010110   
0000110110100000   0000000010000011   0000000000010110   
0000110111101101   0000000001101011   0000000000001001   
0000111001000110   0000000001100100   0000000000000101   
0000111010001000   0000000001010001   0000000000000000   
0000111010101110   0000000000101101   1111111111110101   
0000111001011101   1111111110110111   1111111111011000   
0000111000000101   1111111110000001   1111111111010100   
0000110110110101   1111111101111001   1111111111011111   
0000110110110100   1111111111000111   0000000000000000   
0000111000011011   0000000001000010   0000000000100101   
0000111001111001   0000000001111011   0000000000101001   
0000111010010110   0000000001011100   0000000000011011   
0000111010000101   0000000000010011   0000000000000000   
0000111010011111   0000000000011000   0000000000000010   
0000111011010110   0000000000110100   0000000000000111   
0000111100011100   0000000001001001   0000000000001011   
0000111101000111   0000000000111011   0000000000000100   
0000111101101001   0000000000101000   1111111111111110   
0000111101001111   1111111111111000   1111111111110100   
0000111101000010   1111111111101000   1111111111110011   
0000111100001000   1111111110111110   1111111111101011   
0000111011110010   1111111111010001   1111111111110110   
0000111100101001   0000000000010101   0000000000001101   
0000111101000000   0000000000100011   0000000000001101   
0000111100010011   1111111111110010   1111111111111010   
0000111011001101   1111111111000101   1111111111110001   
0000111011101011   1111111111111011   1111111111111111   
0000111101011010   0000000001100100   0000000000011100   
0000111111110100   0000000010101001   0000000000101000   
0001000001010111   0000000010010111   0000000000011100   
0001000001100001   0000000001000110   1111111111111011   
0001000010000111   0000000000100110   1111111111110100   
0001000001110011   1111111111100101   1111111111100110   
0001000000010001   1111111110011010   1111111111011011   
0000111111101011   1111111110101010   1111111111101011   
0000111110011110   1111111110011101   1111111111101101   
0000111101010111   1111111110100011   1111111111110100   
0000111100110011   1111111111000011   0000000000000001   
0000111100101110   1111111111110010   0000000000001111   
0000111100111010   0000000000010101   0000000000010101   
0000111110010001   0000000001011000   0000000000011111   
0000111111111100   0000000010000101   0000000000100010   
0001000000111000   0000000001100100   0000000000010000   
0001000000011101   0000000000010011   1111111111110011   
0001000000111100   0000000000010000   1111111111110101   
0001000001011100   0000000000010010   1111111111111001   
0001000001100011   0000000000000001   1111111111110110   
0001000001100001   1111111111110100   1111111111110101   
0001000001000100   1111111111011101   1111111111110010   
0001000000111000   1111111111100010   1111111111111000   
0001000000111001   1111111111110100   1111111111111111   
0001000000111011   0000000000000000   0000000000000011   
0001000000100101   1111111111110010   1111111111111110   
0001000000011110   1111111111110110   0000000000000000   
0001000001010010   0000000000100110   0000000000001110   
0001000010011001   0000000001001011   0000000000010011   
0001000011111011   0000000001110000   0000000000010111   
0001000100110011   0000000001010011   0000000000001001   
0001000100110011   0000000000011100   1111111111110110   
0001000100101100   1111111111110101   1111111111110000   
0001000100000110   1111111111010000   1111111111101010   
0001000011000100   1111111110101011   1111111111100110   
0001000010101100   1111111111001001   1111111111110101   
0001000010110010   1111111111101000   1111111111111110   
0001000010110111   1111111111111110   0000000000000101   
0001000100001100   0000000001001101   0000000000011001   
0001000110100110   0000000010101101   0000000000101100   
0001001001011110   0000000011100001   0000000000101110   
0001001011001000   0000000010101100   0000000000010000   
0001001011100010   0000000001001100   1111111111101110   
0001001011010101   1111111111111100   1111111111100000   
0001001011000011   1111111111010001   1111111111011110   
0001001010000101   1111111110100001   1111111111011010   
0001001010100011   1111111111011011   1111111111110111   
0001001100101000   0000000001011111   0000000000010011   
0001001110110101   0000000010010110   0000000000011110   
0001010010101010   0000000100000100   0000000000110100   
0001010110001100   0000000100011000   0000000000101011   
0001010111101011   0000000011000011   0000000000001111   
0001010110110100   0000000000000001   1111111111010000   
0001010100100010   1111111101010101   1111111110101110   
0001010011011110   1111111101100001   1111111111001000   
0001010010101000   1111111101111010   1111111111100000   
0001010001101001   1111111110010101   1111111111110010   
0001001110110010   1111111101001100   1111111111100000   
0001001100011010   1111111100111111   1111111111100100   
0001001010101101   1111111101100011   1111111111110001   
0001000110111100   1111111100000111   1111111111011100   
0001000101000011   1111111101000101   1111111111111001   
0001001001001010   0000000010110101   0000000001000100   
0001001100011010   0000000100001110   0000000001001010   
0001001110100000   0000000011100101   0000000000101011   
0001001111000001   0000000001011101   1111111111111010   
0001001101101010   1111111111011010   1111111111011110   
0001001101000001   1111111110110110   1111111111011101   
0001001010010110   1111111101000001   1111111111000111   
0001000111110110   1111111100100100   1111111111001111   
0001000110100001   1111111101011011   1111111111101110   
0001000101000111   1111111110001000   0000000000000001   
0001000011110111   1111111110101000   0000000000001010   
0001000010100000   1111111110110011   0000000000001010   
0001000000101010   1111111110011101   0000000000000100   
0000111110101010   1111111110000110   1111111111111101   
0000111011101111   1111111101010001   1111111111101110   
0000110111111000   1111111100000011   1111111111100010   
0000110010110001   1111111010101100   1111111111010001   
0000110001100011   1111111101011011   0000000000001110   
0000101001110000   1111111000110110   1111111110111010   
0000100011010101   1111111000010001   1111111111000001   
0000011110111010   1111111010000010   1111111111110110   
0000011100001111   1111111100101011   0000000000100111   
0000011010000111   1111111110011000   0000000000111010   
0000011000100000   1111111111010011   0000000000111010   
0000010111100101   0000000000000001   0000000000110110   
0000010111000111   0000000000011111   0000000000101111   
0000010111000111   0000000000111001   0000000000101010   
0000011000011010   0000000001110111   0000000000101110   
0000011010110100   0000000011000101   0000000000110111   
0000011101100101   0000000011101100   0000000000110010   
0000100000010100   0000000011101011   0000000000101000   
0000100010011000   0000000011000100   0000000000010000   
0000100100010001   0000000010010101   1111111111111111   
0000100101011010   0000000001001110   1111111111101100   
0000100101010100   0000000000000000   1111111111011111   
0000100011111101   1111111110010111   1111111111001001   
0000100000110110   1111111100010000   1111111110110011   
0000011101000010   1111111010111111   1111111110110010   
0000011001101000   1111111011000000   1111111111001010   
0000010111001010   1111111100010001   1111111111110011   
0000010101100001   1111111101101011   0000000000010010   
0000010101011110   1111111111100010   0000000000101001   
0000010011011000   1111111110111011   0000000000011001   
0000010010011101   1111111111011101   0000000000011011   
0000010010011001   0000000000010000   0000000000100010   
0000010011010010   0000000001010100   0000000000101001   
0000010110100011   0000000011011101   0000000001000110   
0000011010011010   0000000100111001   0000000001001100   
0000011110101101   0000000101100010   0000000001000010   
0000100011001111   0000000101111000   0000000000111000   
0000100111111010   0000000101110000   0000000000100101   
0000101000101010   0000000010000110   1111111111011011   
0000110000100100   0000000110110110   0000000000111000   
0000110011011011   0000000100101010   1111111111111101   
0000110011111001   0000000001001000   1111111110111010   
0000110010111110   1111111110011101   1111111110011100   
0000110010010011   1111111101100000   1111111110100101   
0000110010000000   1111111101110001   1111111110111011   
0000110001110100   1111111110100100   1111111111011100   
0000110010000111   1111111111010101   1111111111110110   
0000110010001111   1111111111110110   1111111111111111   
0000110010011011   0000000000000110   0000000000000100   
0000110010100000   0000000000001001   0000000000000100   
0000110010100010   0000000000000111   0000000000000010   
0000110010100010   0000000000000100   0000000000000001   
0000110010100010   0000000000000001   0000000000000000   
0000110010100001   1111111111111111   1111111111111111   
0000110010100000   1111111111111110   1111111111111111   
0000110010100000   1111111111111110   1111111111111111   
0000110010100000   1111111111111110   1111111111111111   
0000110010100000   1111111111111110   1111111111111111   
0000110010100000   1111111111111110   1111111111111111   
0000110010100000   1111111111111110   1111111111111111   
0000110010100000   1111111111111110   1111111111111111   
0000110010100000   1111111111111110   1111111111111111   
0000110010100000   1111111111111110   1111111111111111   
0000110010100000   1111111111111110   1111111111111111   
0000110010100000   1111111111111110   1111111111111111   
0000110010100000   1111111111111110   1111111111111111   
0000110010100000   1111111111111110   1111111111111111   
0000110010100000   1111111111111110   1111111111111111   
0000110010100000   1111111111111110   1111111111111111   
0000110010100000   1111111111111110   1111111111111111   
0000110010100000   1111111111111110   1111111111111111   
0000110010100000   1111111111111110   1111111111111111   
0000110010100000   1111111111111110   1111111111111111   
0000110010100000   1111111111111110   1111111111111111   
0000110010100000   1111111111111110   1111111111111111   
0000110010100000   1111111111111110   1111111111111111   
0000110010100000   1111111111111110   1111111111111111   
0000110010100000   1111111111111110   1111111111111111   
0000110010100000   1111111111111110   1111111111111111   
0000110010100000   1111111111111110   1111111111111111   
0000110010100000   1111111111111110   1111111111111111   
0000110010100000   1111111111111110   1111111111111111   
0000110010100000   1111111111111110   1111111111111111   
0000110010100000   1111111111111110   1111111111111111   
0000110010100000   1111111111111110   1111111111111111   
0000110010100000   1111111111111110   1111111111111111   
0000110010100000   1111111111111110   1111111111111111   
0000110010100000   1111111111111110   1111111111111111   
0000110010100000   1111111111111110   1111111111111111   
0000110010100000   1111111111111110   1111111111111111   
0000110010100000   1111111111111110   1111111111111111   
0000110010100000   1111111111111110   1111111111111111   
0000110010100000   1111111111111110   1111111111111111   
0000110010100000   1111111111111110   1111111111111111   
0000110010100000   1111111111111110   1111111111111111   
0000110010100000   1111111111111110   1111111111111111   
0000110010100000   1111111111111110   1111111111111111   
0000110010100000   1111111111111110   1111111111111111   
0000110010100000   1111111111111110   1111111111111111   
0000111011111000   0000001000100100   0000000010010101   
0001000000000001   0000000111100000   0000000001010100   
0000111111101000   0000000010001111   1111111111010110   
0000111101111010   1111111110100011   1111111110011100   
0000111100000101   1111111100101111   1111111110011000   
0000111001110010   1111111011110111   1111111110100010   
0000110110101010   1111111011010101   1111111110110010   
0000110100000010   1111111011101100   1111111111010000   
0000110001000100   1111111100000011   1111111111011110   
0000101110101001   1111111100101101   1111111111110101   
0000101100101100   1111111101101011   0000000000001001   
0000101010110110   1111111110010000   0000000000010001   
0000101001000001   1111111110011110   0000000000010000   
0000100111001000   1111111110011011   0000000000001010   
0000100110010101   1111111111001111   0000000000010101   
0000100101100001   1111111111100001   0000000000010100   
0000100101011010   0000000000001000   0000000000011010   
0000100101111001   0000000000110101   0000000000100000   
0000100110111101   0000000001100000   0000000000100011   
0000101000000101   0000000001110011   0000000000011111   
0000101000110001   0000000001011011   0000000000010100   
0000101000111011   0000000000100101   0000000000000000   
0000100111111000   1111111111010101   1111111111101000   
0000100110101011   1111111110100001   1111111111100010   
0000100101110110   1111111110100100   1111111111101100   
0000100110000111   1111111111101100   0000000000000101   
0000100111000101   0000000000111100   0000000000011001   
0000101000000000   0000000001010100   0000000000011001   
0000101001000101   0000000001100001   0000000000010101   
0000101001010011   0000000000110000   0000000000000010   
0000101000111001   1111111111101110   1111111111101111   
0000100111101101   1111111110110001   1111111111100010   
