   6.1103532e+01   6.1103532e+01   4.8924046e+01   1.4660257e+01
   8.7182470e+01   8.7182470e+01   4.5368569e+01   9.4680491e+00
   8.6483554e+01   8.6483554e+01   1.8104329e+01  -1.0021124e+00
   7.8273277e+01   7.8273277e+01  -3.8799517e+00  -6.9828641e+00
   6.9529256e+01   6.9529256e+01  -1.4741221e+01  -8.0883636e+00
   6.3318145e+01   6.3318145e+01  -1.6028031e+01  -6.1496508e+00
   6.0003065e+01   6.0003065e+01  -1.2040906e+01  -3.2602667e+00
   5.5598991e+01   5.5598991e+01  -9.2118822e+00  -1.5245771e+00
   5.2179028e+01   5.2179028e+01  -6.1182244e+00  -2.0819671e-01
   5.2100978e+01   5.2100978e+01  -1.5102389e+00   1.1646066e+00
   5.3184519e+01   5.3184519e+01   1.7225398e+00   1.7541178e+00
   5.2695356e+01   5.2695356e+01   1.7131383e+00   1.2514447e+00
   5.1054493e+01   5.1054493e+01   2.9024260e-01   4.8915146e-01
   4.7278438e+01   4.7278438e+01  -2.4629018e+00  -4.3503167e-01
   4.5716681e+01   4.5716681e+01  -2.1793983e+00  -2.3022060e-01
   4.5410928e+01   4.5410928e+01  -9.1565231e-01   1.9561923e-01
   4.5640076e+01   4.5640076e+01   1.9278282e-01   4.5580803e-01
   4.5960021e+01   4.5960021e+01   7.4998406e-01   4.8470912e-01
   4.6169830e+01   4.6169830e+01   8.0398056e-01   3.6193891e-01
   4.6232931e+01   4.6232931e+01   5.7517329e-01   1.9355278e-01
   4.9236512e+01   4.9236512e+01   2.7050367e+00   7.4547822e-01
   5.3507627e+01   5.3507627e+01   4.6992404e+00   1.1014146e+00
   5.6527873e+01   5.6527873e+01   4.4618953e+00   7.1981489e-01
   5.8715140e+01   5.8715140e+01   3.3680163e+00   2.0284010e-01
   5.8976674e+01   5.8976674e+01   1.0938770e+00  -5.0319746e-01
   6.1538484e+01   6.1538484e+01   1.7611480e+00  -1.6956744e-01
   6.5354083e+01   6.5354083e+01   3.2297143e+00   2.9736577e-01
   6.9661250e+01   6.9661250e+01   4.3861959e+00   5.4224790e-01
   7.5532957e+01   7.5532957e+01   6.1129283e+00   8.7987305e-01
   8.1915297e+01   8.1915297e+01   7.2076190e+00   9.4110461e-01
   8.6746988e+01   8.6746988e+01   6.2542580e+00   4.0110664e-01
   9.0717886e+01   9.0717886e+01   4.8347080e+00  -1.1785283e-01
   9.7414591e+01   9.7414591e+01   6.2015339e+00   3.0533959e-01
   1.0390818e+02   1.0390818e+02   6.7397452e+00   3.7171728e-01
   1.0711176e+02   1.0711176e+02   4.2918762e+00  -4.3197682e-01
   1.0881414e+02   1.0881414e+02   1.7951373e+00  -1.0205160e+00
   1.0862413e+02   1.0862413e+02  -8.0825155e-01  -1.4716977e+00
   1.0795596e+02   1.0795596e+02  -2.1682533e+00  -1.4398599e+00
   1.0442761e+02   1.0442761e+02  -4.6925949e+00  -1.7489803e+00
   1.0145823e+02   1.0145823e+02  -5.0675604e+00  -1.3573315e+00
   1.0065827e+02   1.0065827e+02  -3.0220814e+00  -3.8739531e-01
   1.0095619e+02   1.0095619e+02  -7.6224296e-01   3.6717149e-01
   1.0004639e+02   1.0004639e+02  -5.1272914e-01   3.3363438e-01
   9.6845237e+01   9.6845237e+01  -2.3227333e+00  -2.7738776e-01
   9.4124981e+01   9.4124981e+01  -2.9170896e+00  -3.6773638e-01
   9.0288923e+01   9.0288923e+01  -4.0175732e+00  -5.7659847e-01
   8.9108122e+01   8.9108122e+01  -2.3322473e+00   6.8139852e-02
   8.7707194e+01   8.7707194e+01  -1.5215123e+00   2.7980897e-01
   8.7566023e+01   8.7566023e+01  -1.4107736e-01   5.9353110e-01
   8.9384058e+01   8.9384058e+01   2.0145681e+00   1.0387957e+00
   9.3377762e+01   9.3377762e+01   4.6314445e+00   1.4886114e+00
   9.6480594e+01   9.6480594e+01   4.9012039e+00   1.1411902e+00
   9.7287303e+01   9.7287303e+01   2.7776153e+00   2.1059852e-01
   9.8493920e+01   9.8493920e+01   1.7355650e+00  -1.4645616e-01
   1.0005489e+02   1.0005489e+02   1.4498956e+00  -1.8613746e-01
   1.0188155e+02   1.0188155e+02   1.5641707e+00  -1.0050795e-01
   1.0234581e+02   1.0234581e+02   5.8664183e-01  -3.5049375e-01
   1.0374465e+02   1.0374465e+02   8.8375876e-01  -1.6589898e-01
   1.0415031e+02   1.0415031e+02   3.3664787e-01  -2.7455952e-01
   1.0563809e+02   1.0563809e+02   9.7994918e-01  -1.2932717e-02
   1.0462622e+02   1.0462622e+02  -6.2117206e-01  -4.6562954e-01
   1.0095799e+02   1.0095799e+02  -3.5163998e+00  -1.1581616e+00
   9.7866431e+01   9.7866431e+01  -4.3358122e+00  -1.0616046e+00
   9.3887726e+01   9.3887726e+01  -5.1126744e+00  -9.8044171e-01
   9.2750214e+01   9.2750214e+01  -2.9234874e+00  -7.6971596e-02
   9.4523379e+01   9.4523379e+01   7.4445523e-01   9.9047775e-01
   9.5824869e+01   9.5824869e+01   2.1790893e+00   1.1170799e+00
   9.6479338e+01   9.6479338e+01   2.0805010e+00   7.7056620e-01
   9.6612303e+01   9.6612303e+01   1.2981829e+00   3.2793247e-01
   9.3413763e+01   9.3413763e+01  -1.9593832e+00  -6.9407707e-01
   9.0347882e+01   9.0347882e+01  -3.5357360e+00  -9.4556070e-01
   8.6194262e+01   8.6194262e+01  -4.9739714e+00  -1.0859926e+00
   8.4856714e+01   8.4856714e+01  -3.1604321e+00  -2.5951077e-01
   8.8013785e+01   8.8013785e+01   1.6173709e+00   1.1763238e+00
   9.2954991e+01   9.2954991e+01   5.4439816e+00   1.9317608e+00
   9.5052216e+01   9.5052216e+01   4.7071784e+00   1.1711141e+00
   9.3856014e+01   9.3856014e+01   1.1711841e+00  -1.7059884e-01
   9.1202485e+01   9.1202485e+01  -2.0490818e+00  -1.0398751e+00
   8.8275889e+01   8.8275889e+01  -3.7886498e+00  -1.2393154e+00
   8.5638154e+01   8.5638154e+01  -4.1102739e+00  -9.7773690e-01
   8.3408679e+01   8.3408679e+01  -3.5883401e+00  -5.5027117e-01
   7.6913809e+01   7.6913809e+01  -6.4561570e+00  -1.2108638e+00
   7.0109468e+01   7.0109468e+01  -7.9446479e+00  -1.2899985e+00
   6.3561033e+01   6.3561033e+01  -8.1213651e+00  -9.7266914e-01
   6.0430796e+01   6.0430796e+01  -5.1143169e+00   1.6170841e-01
   6.0401330e+01   6.0401330e+01  -8.9816092e-01   1.3173871e+00
   7.0532419e+01   7.0532419e+01   9.2134894e+00   3.8241015e+00
   7.8417614e+01   7.8417614e+01   1.1978464e+01   3.5222084e+00
   8.4008307e+01   8.4008307e+01   1.0407330e+01   2.0704034e+00
   8.6491377e+01   8.6491377e+01   6.1592595e+00   2.6938722e-01
   8.7590804e+01   8.7590804e+01   2.3941481e+00  -8.8060519e-01
   8.8474792e+01   8.8474792e+01   3.0940434e-01  -1.2238325e+00
   8.8187577e+01   8.8187577e+01  -1.3901481e+00  -1.3594316e+00
   8.7712350e+01   8.7712350e+01  -2.0200595e+00  -1.1514894e+00
   8.7448006e+01   8.7448006e+01  -1.7716149e+00  -7.5245257e-01
   8.7444202e+01   8.7444202e+01  -1.1144882e+00  -3.5066648e-01
   8.7600475e+01   8.7600475e+01  -4.5190338e-01  -6.1849589e-02
   9.8447601e+01   9.8447601e+01   8.4956211e+00   2.5061800e+00
   1.0318240e+02   1.0318240e+02   8.0030772e+00   1.6514245e+00
   1.0419713e+02   1.0419713e+02   4.0822849e+00   6.3121342e-02
   1.0198040e+02   1.0198040e+02  -8.7716236e-01  -1.3685103e+00
   9.5699065e+01   9.5699065e+01  -6.5547348e+00  -2.5967642e+00
   9.4360153e+01   9.4360153e+01  -4.9926199e+00  -1.4113184e+00
   1.0049998e+02   1.0049998e+02   2.4726065e+00   1.1188495e+00
   1.1136229e+02   1.1136229e+02   1.0281057e+01   3.0256517e+00
   1.2343630e+02   1.2343630e+02   1.4736335e+01   3.4331518e+00
   1.3347647e+02   1.3347647e+02   1.4424961e+01   2.3658132e+00
   1.4188999e+02   1.4188999e+02   1.1997503e+01   9.9954046e-01
   1.4636505e+02   1.4636505e+02   6.9989598e+00  -7.1015160e-01
   1.4623983e+02   1.4623983e+02   6.0828844e-01  -2.3293254e+00
   1.4468126e+02   1.4468126e+02  -3.4488016e+00  -2.8218070e+00
   1.4181641e+02   1.4181641e+02  -5.8049910e+00  -2.6890875e+00
   1.4056756e+02   1.4056756e+02  -4.8612028e+00  -1.6535736e+00
   1.4049459e+02   1.4049459e+02  -2.6968393e+00  -5.6530982e-01
   1.3643001e+02   1.3643001e+02  -4.3527225e+00  -8.7616657e-01
   1.3201849e+02   1.3201849e+02  -5.2757764e+00  -8.8953131e-01
   1.3074248e+02   1.3074248e+02  -2.9760603e+00   1.9530910e-02
   1.2946574e+02   1.2946574e+02  -1.6015639e+00   4.0574989e-01
   1.2644590e+02   1.2644590e+02  -2.3266836e+00   8.3407125e-02
   1.2250691e+02   1.2250691e+02  -3.5288655e+00  -2.8303682e-01
   1.1823394e+02   1.1823394e+02  -4.4052158e+00  -4.5215472e-01
   1.1700225e+02   1.1700225e+02  -2.3269372e+00   2.6911932e-01
   1.1720475e+02   1.1720475e+02  -4.0950790e-02   8.4400655e-01
   1.1627838e+02   1.1627838e+02   9.7057026e-02   6.4276887e-01
   1.1304659e+02   1.1304659e+02  -1.9144581e+00  -1.1380751e-01
   1.0722758e+02   1.0722758e+02  -5.1415857e+00  -1.0012274e+00
   1.0354218e+02   1.0354218e+02  -4.9817152e+00  -6.7026838e-01
   1.0117728e+02   1.0117728e+02  -3.5654455e+00  -7.5522142e-02
   1.0399359e+02   1.0399359e+02   1.4475761e+00   1.3749150e+00
   1.0890954e+02   1.0890954e+02   5.5880352e+00   2.1632049e+00
   1.1259741e+02   1.1259741e+02   6.2361244e+00   1.7313367e+00
   1.1363455e+02   1.1363455e+02   3.8220099e+00   5.4971844e-01
   1.1026197e+02   1.1026197e+02  -1.3649394e+00  -1.0854598e+00
   1.0821457e+02   1.0821457e+02  -2.9945680e+00  -1.2405695e+00
   1.1189986e+02   1.1189986e+02   1.0911058e+00   2.7762144e-01
   1.1680186e+02   1.1680186e+02   4.4073749e+00   1.1437568e+00
   1.2181085e+02   1.2181085e+02   6.0308362e+00   1.2804916e+00
   1.2187570e+02   1.2187570e+02   2.5542969e+00  -7.5451200e-02
   1.1953803e+02   1.1953803e+02  -1.4218052e+00  -1.1872917e+00
   1.1498458e+02   1.1498458e+02  -5.1061355e+00  -1.8990469e+00
   1.0997093e+02   1.0997093e+02  -6.9314447e+00  -1.8780287e+00
   1.0681346e+02   1.0681346e+02  -5.8002561e+00  -1.0202822e+00
   1.0480718e+02   1.0480718e+02  -3.7953836e+00  -1.5799294e-01
   1.0176363e+02   1.0176363e+02  -3.3538994e+00   1.2881864e-02
   9.6576396e+01   9.6576396e+01  -4.8028384e+00  -4.0379515e-01
   9.4989053e+01   9.4989053e+01  -2.6427323e+00   3.2701855e-01
   8.5996405e+01   8.5996405e+01  -7.3788713e+00  -1.1161825e+00
   7.9669320e+01   7.9669320e+01  -7.6564034e+00  -8.7713381e-01
   7.3524698e+01   7.3524698e+01  -7.3281057e+00  -5.3353796e-01
   7.0611849e+01   7.0611849e+01  -4.3411022e+00   4.6995625e-01
   6.7586370e+01   6.7586370e+01  -2.8221232e+00   7.6896941e-01
   6.5704413e+01   6.5704413e+01  -1.3035045e+00   9.8264924e-01
   6.2574287e+01   6.2574287e+01  -1.7773268e+00   5.6749698e-01
   5.8669021e+01   5.8669021e+01  -2.9065597e+00   8.3861553e-02
   5.4421573e+01   5.4421573e+01  -3.8918663e+00  -2.2089386e-01
   5.1648312e+01   5.1648312e+01  -3.2208312e+00   3.3341326e-02
   4.9623860e+01   4.9623860e+01  -2.2335471e+00   3.0525292e-01
   4.9375774e+01   4.9375774e+01  -3.4517061e-01   7.5650604e-01
   4.9768124e+01   4.9768124e+01   9.9940400e-01   9.2412895e-01
   5.0183590e+01   5.0183590e+01   1.4579245e+00   7.9141205e-01
   5.0392643e+01   5.0392643e+01   1.2535392e+00   5.0757022e-01
   5.1915368e+01   5.1915368e+01   1.9757470e+00   5.6875046e-01
   5.2452347e+01   5.2452347e+01   1.3972836e+00   2.4174893e-01
   5.2442424e+01   5.2442424e+01   5.1698474e-01  -7.8079257e-02
   5.2229486e+01   5.2229486e+01  -1.4310388e-01  -2.4397505e-01
   5.2020662e+01   5.2020662e+01  -4.3948152e-01  -2.5891187e-01
   5.1899820e+01   5.1899820e+01  -4.4432366e-01  -1.8649190e-01
   5.6434582e+01   5.6434582e+01   3.3392994e+00   9.4514860e-01
   6.6032347e+01   6.6032347e+01   9.2746869e+00   2.3675649e+00
   7.7355854e+01   7.7355854e+01   1.3275895e+01   2.8332182e+00
   9.1672720e+01   9.1672720e+01   1.6939140e+01   3.0698088e+00
   1.0510314e+02   1.0510314e+02   1.7211240e+01   2.2723506e+00
   1.1751037e+02   1.1751037e+02   1.5653078e+01   1.1805022e+00
   1.2619186e+02   1.2619186e+02   1.1274724e+01  -4.0399256e-01
   1.3178598e+02   1.3178598e+02   6.3412522e+00  -1.6950741e+00
   1.3498722e+02   1.3498722e+02   2.1424637e+00  -2.4087322e+00
   1.3627021e+02   1.3627021e+02  -9.5156971e-01  -2.6040703e+00
   1.3888024e+02   1.3888024e+02  -7.1577312e-01  -1.7945954e+00
   1.4412577e+02   1.4412577e+02   2.2429286e+00  -4.3971685e-01
   1.5065302e+02   1.5065302e+02   5.2193458e+00   5.3401707e-01
   1.5901269e+02   1.5901269e+02   8.2573258e+00   1.2477460e+00
   1.6173896e+02   1.6173896e+02   5.0948388e+00  -9.3456418e-03
   1.7532909e+02   1.7532909e+02   1.1859287e+01   1.9214547e+00
   1.8019782e+02   1.8019782e+02   8.2067640e+00   3.3264964e-01
   1.7744552e+02   1.7744552e+02  -1.9889027e-01  -2.1581142e+00
   1.7325497e+02   1.7325497e+02  -5.5397835e+00  -3.0653326e+00
   1.7097509e+02   1.7097509e+02  -6.0058053e+00  -2.3244258e+00
   1.6575346e+02   1.6575346e+02  -7.7049652e+00  -2.1462002e+00
   1.6105482e+02   1.6105482e+02  -7.4540484e+00  -1.4629266e+00
   1.5694772e+02   1.5694772e+02  -6.2482532e+00  -7.0223486e-01
   1.5473214e+02   1.5473214e+02  -3.7350084e+00   2.1430461e-01
   1.5328173e+02   1.5328173e+02  -1.6990603e+00   7.3354536e-01
   1.5190018e+02   1.5190018e+02  -7.1234560e-01   8.0570869e-01
   1.5180573e+02   1.5180573e+02   5.8605284e-01   9.4614484e-01
   1.5209371e+02   1.5209371e+02   1.2945277e+00   8.7839946e-01
   1.4928884e+02   1.4928884e+02  -1.0957603e+00  -5.3306343e-02
   1.4500297e+02   1.4500297e+02  -3.6927320e+00  -7.7835203e-01
   1.4335662e+02   1.4335662e+02  -2.8393832e+00  -3.1325246e-01
   1.4164533e+02   1.4164533e+02  -2.2531417e+00  -5.6860944e-02
   1.3833301e+02   1.3833301e+02  -3.1545502e+00  -2.9759055e-01
   1.3276027e+02   1.3276027e+02  -5.3802981e+00  -8.4719201e-01
   1.2785169e+02   1.2785169e+02  -5.8513622e+00  -7.3998060e-01
   1.2656490e+02   1.2656490e+02  -2.9517423e+00   2.9745015e-01
   1.2847230e+02   1.2847230e+02   1.2201777e+00   1.4018280e+00
   1.2992644e+02   1.2992644e+02   2.8085620e+00   1.4550039e+00
   1.3217581e+02   1.3217581e+02   3.8176886e+00   1.3279112e+00
   1.3447684e+02   1.3447684e+02   3.9362770e+00   9.8320615e-01
   1.3505560e+02   1.3505560e+02   2.2423408e+00   2.2011421e-01
   1.3326724e+02   1.3326724e+02  -7.5145224e-01  -6.9597704e-01
   1.2755855e+02   1.2755855e+02  -5.4001273e+00  -1.8226530e+00
   1.1899468e+02   1.1899468e+02  -9.7454189e+00  -2.5417052e+00
   1.0982043e+02   1.0982043e+02  -1.1831699e+01  -2.4118910e+00
   1.0104052e+02   1.0104052e+02  -1.1810217e+01  -1.7182831e+00
   9.7423934e+01   9.7423934e+01  -6.9952415e+00   1.4395527e-01
   9.7710583e+01   9.7710583e+01  -1.0450103e+00   1.7989746e+00
   1.0224564e+02   1.0224564e+02   5.2032733e+00   3.0672044e+00
   1.0634657e+02   1.0634657e+02   7.3915209e+00   2.8166668e+00
   1.0785092e+02   1.0785092e+02   5.5140008e+00   1.4786370e+00
   1.0776166e+02   1.0776166e+02   2.5248305e+00   2.0513444e-01
   1.0702531e+02   1.0702531e+02   1.2963743e-01  -5.3606220e-01
   1.1844913e+02   1.1844913e+02   8.5990813e+00   2.0308648e+00
   1.2472912e+02   1.2472912e+02   8.7808016e+00   1.5037852e+00
   1.2475312e+02   1.2475312e+02   3.3022838e+00  -4.8644858e-01
   1.2040521e+02   1.2040521e+02  -3.2841122e+00  -2.2251760e+00
   1.1474655e+02   1.1474655e+02  -7.4026515e+00  -2.7648597e+00
   1.1088628e+02   1.1088628e+02  -7.3429664e+00  -1.9597522e+00
   1.0997720e+02   1.0997720e+02  -4.1726100e+00  -4.9746746e-01
   1.1051808e+02   1.1051808e+02  -9.1173206e-01   5.7381030e-01
   1.0990584e+02   1.0990584e+02  -9.9121092e-02   6.4187798e-01
   1.0843216e+02   1.0843216e+02  -5.5325981e-01   3.2946968e-01
   1.0644942e+02   1.0644942e+02  -1.3635938e+00   4.5803554e-03
   1.0578133e+02   1.0578133e+02  -8.0444801e-01   1.6265353e-01
   1.0575528e+02   1.0575528e+02  -2.1139657e-02   3.3956481e-01
   1.0593641e+02   1.0593641e+02   4.7970721e-01   3.8553660e-01
   1.0153471e+02   1.0153471e+02  -3.0269856e+00  -7.2390342e-01
   9.6599837e+01   9.6599837e+01  -5.2721571e+00  -1.1575253e+00
   9.4882401e+01   9.4882401e+01  -3.5952962e+00  -3.4961259e-01
   9.6394304e+01   9.6394304e+01   1.2735855e-01   8.1114539e-01
   1.0221121e+02   1.0221121e+02   5.4751142e+00   2.1042595e+00
   1.0792497e+02   1.0792497e+02   7.7696582e+00   2.1584982e+00
   1.1440535e+02   1.1440535e+02   8.9001377e+00   1.8654720e+00
   1.2079066e+02   1.2079066e+02   8.7603913e+00   1.2939051e+00
   1.2684940e+02   1.2684940e+02   7.9001108e+00   6.7987661e-01
   1.3113606e+02   1.3113606e+02   5.6987774e+00  -1.4138270e-01
   1.3315647e+02   1.3315647e+02   2.6244191e+00  -9.7739726e-01
   1.3442598e+02   1.3442598e+02   5.6667287e-01  -1.2853396e+00
   1.3575905e+02   1.3575905e+02  -1.0757748e-01  -1.1111549e+00
   1.3287342e+02   1.3287342e+02  -3.4338363e+00  -1.7425475e+00
   1.2530112e+02   1.2530112e+02  -8.4762152e+00  -2.6831306e+00
   1.1924053e+02   1.1924053e+02  -9.2332295e+00  -2.1341109e+00
   1.1152336e+02   1.1152336e+02  -1.0158503e+01  -1.7895443e+00
   1.0336968e+02   1.0336968e+02  -1.0349478e+01  -1.3338886e+00
   9.9852071e+01   9.9852071e+01  -6.2359227e+00   2.1884946e-01
   9.9994618e+01   9.9994618e+01  -9.3114787e-01   1.6685402e+00
   9.3689552e+01   9.3689552e+01  -3.5475451e+00   4.4716283e-01
   8.6990751e+01   8.6990751e+01  -5.6130626e+00  -2.6905089e-01
   8.3372754e+01   8.3372754e+01  -4.2913313e+00   1.8438524e-01
   8.1301889e+01   8.1301889e+01  -2.3364393e+00   6.8904999e-01
   7.9752540e+01   7.9752540e+01  -1.0197962e+00   8.6793897e-01
   7.6653661e+01   7.6653661e+01  -1.8096310e+00   3.9540758e-01
   7.4201888e+01   7.4201888e+01  -1.9262402e+00   2.4946247e-01
   7.0544325e+01   7.0544325e+01  -3.0572621e+00  -1.4403044e-01
   6.6355699e+01   6.6355699e+01  -4.1033950e+00  -4.0116547e-01
   5.9017133e+01   5.9017133e+01  -7.0841507e+00  -1.1364512e+00
   5.5027187e+01   5.5027187e+01  -5.7534129e+00  -4.3320430e-01
   4.9826290e+01   4.9826290e+01  -5.7460640e+00  -3.0762912e-01
   4.8584015e+01   4.8584015e+01  -2.4625597e+00   7.1598656e-01
   4.7550660e+01   4.7550660e+01  -6.0698494e-01   1.0408145e+00
   4.9268940e+01   4.9268940e+01   2.2878986e+00   1.5692978e+00
   5.1893998e+01   5.1893998e+01   4.1260331e+00   1.6459269e+00
   5.2961574e+01   5.2961574e+01   3.3332747e+00   9.5080475e-01
   5.6070527e+01   5.6070527e+01   4.1052141e+00   8.9982101e-01
   6.0042036e+01   6.0042036e+01   4.8984249e+00   8.6943285e-01
   6.4224954e+01   6.4224954e+01   5.1973424e+00   7.0681332e-01
   6.9861816e+01   6.9861816e+01   6.2546098e+00   8.0670667e-01
   7.4506240e+01   7.4506240e+01   5.7774218e+00   4.4074568e-01
   7.7024634e+01   7.7024634e+01   3.6195547e+00  -2.9996221e-01
   7.4067654e+01   7.4067654e+01  -1.9242619e+00  -1.7946690e+00
   6.7469474e+01   6.7469474e+01  -7.4457181e+00  -2.8569515e+00
   6.1527291e+01   6.1527291e+01  -9.1038134e+00  -2.5152298e+00
   6.4274161e+01   6.4274161e+01  -2.1698028e+00   1.7817912e-01
   6.9633004e+01   6.9633004e+01   4.0114040e+00   1.8892805e+00
   7.5436552e+01   7.5436552e+01   7.3296654e+00   2.2965968e+00
   8.0661668e+01   8.0661668e+01   7.9481819e+00   1.8182773e+00
   8.3581048e+01   8.3581048e+01   5.7567031e+00   6.7533747e-01
   8.8319985e+01   8.8319985e+01   5.6205158e+00   4.4402067e-01
   9.3985768e+01   9.3985768e+01   6.1006310e+00   4.5430904e-01
   9.8499058e+01   9.8499058e+01   5.2892606e+00   9.3540117e-02
   9.9384541e+01   9.9384541e+01   1.8714129e+00  -9.0734492e-01
   9.8778811e+01   9.8778811e+01  -1.0111030e+00  -1.4703471e+00
   8.8814786e+01   8.8814786e+01  -9.6201357e+00  -3.5051561e+00
   7.8285755e+01   7.8285755e+01  -1.3850007e+01  -3.7117287e+00
   7.1712271e+01   7.1712271e+01  -1.1759740e+01  -2.0579295e+00
   6.7596688e+01   6.7596688e+01  -7.7225386e+00  -3.2057497e-01
   6.4534722e+01   6.4534722e+01  -4.3269672e+00   7.3867438e-01
   6.1571303e+01   6.1571303e+01  -2.5010570e+00   1.0485798e+00
   6.1299215e+01   6.1299215e+01   3.2481000e-01   1.5551772e+00
   6.0388460e+01   6.0388460e+01   8.9479925e-01   1.2743595e+00
   6.0306950e+01   6.0306950e+01   1.3906908e+00   1.0524652e+00
   5.8884460e+01   5.8884460e+01   2.0004310e-01   4.1308893e-01
   5.6737800e+01   5.6737800e+01  -1.2580310e+00  -1.2026687e-01
   5.4353955e+01   5.4353955e+01  -2.2759754e+00  -3.7614065e-01
   5.2018652e+01   5.2018652e+01  -2.6994209e+00  -3.8962439e-01
   5.1358771e+01   5.1358771e+01  -1.4628012e+00   7.3919764e-02
   4.9975117e+01   4.9975117e+01  -1.3257735e+00   9.1908044e-02
   4.8155320e+01   4.8155320e+01  -1.6277787e+00  -2.0372872e-02
   4.4604577e+01   4.4604577e+01  -3.1814428e+00  -4.5742181e-01
   4.1862016e+01   4.1862016e+01  -3.2889187e+00  -3.5767331e-01
   4.1180299e+01   4.1180299e+01  -1.5677182e+00   2.3488833e-01
   3.9907331e+01   3.9907331e+01  -1.0978086e+00   3.0187872e-01
   4.1236851e+01   4.1236851e+01   1.1395207e+00   8.5355902e-01
   4.2090027e+01   4.2090027e+01   1.7647599e+00   7.8847881e-01
   4.5486874e+01   4.5486874e+01   3.8545971e+00   1.1594177e+00
   5.5928916e+01   5.5928916e+01   1.0266568e+01   2.6566041e+00
   6.4525151e+01   6.4525151e+01   1.1591318e+01   2.2769727e+00
   6.9941425e+01   6.9941425e+01   8.9445689e+00   8.7351635e-01
   7.0603884e+01   7.0603884e+01   3.2142766e+00  -1.0088315e+00
   6.7870071e+01   6.7870071e+01  -2.5373130e+00  -2.3607060e+00
   6.4318790e+01   6.4318790e+01  -5.7065147e+00  -2.5911594e+00
   6.1189671e+01   6.1189671e+01  -6.2425669e+00  -2.0053722e+00
   5.8791368e+01   5.8791368e+01  -5.1826829e+00  -1.1316524e+00
   5.9992833e+01   5.9992833e+01  -1.2238829e+00   3.1932880e-01
   6.2748755e+01   6.2748755e+01   2.2687761e+00   1.2238540e+00
   6.5764998e+01   6.5764998e+01   4.0886287e+00   1.3937373e+00
   6.8443380e+01   6.8443380e+01   4.3578942e+00   1.0732181e+00
   6.9148445e+01   6.9148445e+01   2.5184988e+00   2.4300757e-01
   7.1920334e+01   7.1920334e+01   2.9635497e+00   3.0059793e-01
   7.4211421e+01   7.4211421e+01   2.7279540e+00   1.4776145e-01
   7.6224695e+01   7.6224695e+01   2.3058589e+00  -1.4670308e-02
   7.8126906e+01   7.8126906e+01   1.9693371e+00  -1.0641079e-01
   8.0023021e+01   8.0023021e+01   1.8045419e+00  -1.2305266e-01
   8.3480362e+01   8.3480362e+01   2.9993624e+00   2.5259354e-01
   8.7636356e+01   8.7636356e+01   4.1742059e+00   5.1547144e-01
   9.1954687e+01   9.1954687e+01   4.8045966e+00   5.4822797e-01
   9.6181618e+01   9.6181618e+01   4.8922175e+00   4.1693667e-01
   9.7213640e+01   9.7213640e+01   2.2311959e+00  -4.6040372e-01
   9.6823990e+01   9.6823990e+01  -3.1896066e-01  -1.0560663e+00
   9.9164018e+01   9.9164018e+01   7.4513912e-01  -4.5173474e-01
   1.0302149e+02   1.0302149e+02   2.7750468e+00   2.5563195e-01
   1.0595133e+02   1.0595133e+02   3.1541079e+00   2.9081415e-01
   1.0826442e+02   1.0826442e+02   2.7743252e+00   9.9667426e-02
   1.0872685e+02   1.0872685e+02   1.0305901e+00  -4.2577554e-01
   1.0842037e+02   1.0842037e+02  -4.6131005e-01  -7.2966342e-01
   1.0646860e+02   1.0646860e+02  -2.3794069e+00  -1.0684141e+00
   1.0402133e+02   1.0402133e+02  -3.5019284e+00  -1.0838369e+00
   1.0316746e+02   1.0316746e+02  -2.4743205e+00  -4.8199125e-01
   1.0168740e+02   1.0168740e+02  -2.1635243e+00  -2.5601534e-01
   1.0140772e+02   1.0140772e+02  -9.1744192e-01   1.7214220e-01
   1.0620371e+02   1.0620371e+02   3.8103477e+00   1.4706827e+00
   1.1304658e+02   1.1304658e+02   7.6990386e+00   2.1599111e+00
   1.1865674e+02   1.1865674e+02   8.1933664e+00   1.6851537e+00
   1.2163852e+02   1.2163852e+02   5.7230161e+00   5.0066995e-01
   1.2176085e+02   1.2176085e+02   1.7579337e+00  -7.7224688e-01
   1.2236329e+02   1.2236329e+02   6.4343131e-02  -1.0348664e+00
   1.2210229e+02   1.2210229e+02  -1.2299375e+00  -1.1088098e+00
   1.2173027e+02   1.2173027e+02  -1.6546768e+00  -9.1382252e-01
   1.2153969e+02   1.2153969e+02  -1.4010902e+00  -5.8106453e-01
   1.2459798e+02   1.2459798e+02   1.5735669e+00   4.3245739e-01
   1.2908425e+02   1.2908425e+02   4.3284935e+00   1.0944534e+00
   1.3233792e+02   1.3233792e+02   4.5659297e+00   8.5016943e-01
   1.3317298e+02   1.3317298e+02   2.4412583e+00   2.2216156e-03
   1.3286451e+02   1.3286451e+02   2.5096144e-01  -6.2273326e-01
   1.3378842e+02   1.3378842e+02   1.6481234e-01  -4.6978545e-01
   1.3551042e+02   1.3551042e+02   9.3666187e-01  -1.1587016e-01
   1.3610694e+02   1.3610694e+02   5.4957512e-01  -1.9317766e-01
   1.3767864e+02   1.3767864e+02   1.1713999e+00   3.9130416e-02
   1.3516011e+02   1.3516011e+02  -1.7316689e+00  -7.9951325e-01
   1.3082007e+02   1.3082007e+02  -4.6109895e+00  -1.3923410e+00
   1.2605001e+02   1.2605001e+02  -6.1301649e+00  -1.4284938e+00
   1.2302404e+02   1.2302404e+02  -5.0835007e+00  -7.2297544e-01
   1.2102900e+02   1.2102900e+02  -3.3438739e+00  -2.1035976e-02
   1.1944629e+02   1.1944629e+02  -1.9606269e+00   3.7924048e-01
   1.2244180e+02   1.2244180e+02   2.3704281e+00   1.5056646e+00
   1.2419428e+02   1.2419428e+02   3.3833691e+00   1.3652188e+00
   1.4159345e+02   1.4159345e+02   1.5924202e+01   4.5507129e+00
   1.5179819e+02   1.5179819e+02   1.5914455e+01   3.2508005e+00
   1.5575840e+02   1.5575840e+02   9.6334380e+00   5.3385388e-01
   1.5672488e+02   1.5672488e+02   3.2566220e+00  -1.4359616e+00
   1.5543075e+02   1.5543075e+02  -1.8079187e+00  -2.4702508e+00
   1.5543139e+02   1.5543139e+02  -2.8360994e+00  -2.0592035e+00
   1.5518561e+02   1.5518561e+02  -2.8298929e+00  -1.4704796e+00
   1.5512830e+02   1.5512830e+02  -2.0896273e+00  -8.4032939e-01
   1.5681327e+02   1.5681327e+02   7.9749170e-02   1.7556353e-02
   1.5621361e+02   1.5621361e+02  -4.4443098e-01  -1.3686007e-01
   1.5290157e+02   1.5290157e+02  -2.8677994e+00  -7.8860579e-01
   1.4848647e+02   1.4848647e+02  -4.8901592e+00  -1.1402747e+00
   1.4542505e+02   1.4542505e+02  -4.5722753e+00  -7.2464157e-01
   1.4476880e+02   1.4476880e+02  -2.1744361e+00   1.6538950e-01
   1.4518539e+02   1.4518539e+02   5.6923438e-02   7.5427305e-01
   1.4429716e+02   1.4429716e+02   5.7569196e-02   5.3945933e-01
   1.4256324e+02   1.4256324e+02  -8.3142635e-01   1.3229294e-01
   1.3889263e+02   1.3889263e+02  -2.9629767e+00  -5.1299235e-01
   1.3750478e+02   1.3750478e+02  -2.2200300e+00  -1.5499980e-01
   1.4039374e+02   1.4039374e+02   1.6986641e+00   1.0061648e+00
   1.4658693e+02   1.4658693e+02   6.2885738e+00   2.0276745e+00
   1.5525263e+02   1.5525263e+02   1.0211673e+01   2.5679459e+00
   1.6130704e+02   1.6130704e+02   9.4647880e+00   1.6230873e+00
   1.6257658e+02   1.6257658e+02   4.5533241e+00  -2.3951939e-01
   1.6322705e+02   1.6322705e+02   1.2018356e+00  -1.1265542e+00
   1.5953776e+02   1.5953776e+02  -3.8246963e+00  -2.2382028e+00
   1.5288815e+02   1.5288815e+02  -8.3153694e+00  -2.8802463e+00
   1.4870183e+02   1.4870183e+02  -7.9032826e+00  -1.9418006e+00
   1.4475583e+02   1.4475583e+02  -6.6897090e+00  -1.0423936e+00
   1.3953743e+02   1.3953743e+02  -6.5589497e+00  -7.0799841e-01
   1.3679887e+02   1.3679887e+02  -4.2207233e+00   1.6029669e-01
   1.4126794e+02   1.4126794e+02   2.8684507e+00   2.1353020e+00
   1.4859745e+02   1.4859745e+02   8.5608137e+00   3.1492057e+00
   1.5323383e+02   1.5323383e+02   8.5808442e+00   2.2572664e+00
   1.5434763e+02   1.5434763e+02   4.8841976e+00   5.6016468e-01
   1.5372982e+02   1.5372982e+02   1.0572934e+00  -6.9032423e-01
   1.5266667e+02   1.5266667e+02  -1.3237888e+00  -1.1722574e+00
   1.5184282e+02   1.5184282e+02  -2.0974139e+00  -1.0586314e+00
   1.5450393e+02   1.5450393e+02   6.3820145e-01   2.2879684e-02
   1.5427319e+02   1.5427319e+02  -3.1772357e-02  -1.7461109e-01
   1.5253614e+02   1.5253614e+02  -1.5661039e+00  -5.6218544e-01
   1.5023203e+02   1.5023203e+02  -2.7167447e+00  -7.2991859e-01
   1.4788406e+02   1.4788406e+02  -3.1526180e+00  -6.4610400e-01
   1.4417496e+02   1.4417496e+02  -4.2424379e+00  -7.7258067e-01
   1.3998386e+02   1.3998386e+02  -4.9740826e+00  -7.6091229e-01
   1.3424153e+02   1.3424153e+02  -6.3475590e+00  -9.3551741e-01
   1.2797464e+02   1.2797464e+02  -7.2187583e+00  -9.1718417e-01
   1.2170241e+02   1.2170241e+02  -7.3812182e+00  -7.0205778e-01
   1.1559844e+02   1.1559844e+02  -7.0648559e+00  -4.1176760e-01
   1.0964924e+02   1.0964924e+02  -6.5870444e+00  -1.5820222e-01
   1.0377568e+02   1.0377568e+02  -6.1763423e+00   3.9581342e-03
   9.7904163e+01   9.7904163e+01  -5.9293295e+00   7.3238370e-02
   9.0472372e+01   9.0472372e+01  -7.0540915e+00  -2.6823935e-01
   8.3860855e+01   8.3860855e+01  -6.9694403e+00  -1.6765152e-01
   7.7734831e+01   7.7734831e+01  -6.4645869e+00   2.4039095e-02
   7.1825445e+01   7.1825445e+01  -5.9978535e+00   1.5022457e-01
   6.5958761e+01   6.5958761e+01  -5.7430404e+00   1.8003645e-01
   6.1573208e+01   6.1573208e+01  -4.4806002e+00   4.8856454e-01
   5.7782956e+01   5.7782956e+01  -3.4415810e+00   6.4546597e-01
   5.7124872e+01   5.7124872e+01  -5.7667030e-01   1.2780959e+00
   5.7652736e+01   5.7652736e+01   1.5821350e+00   1.5291331e+00
   5.9816984e+01   5.9816984e+01   3.5754209e+00   1.6614351e+00
   6.3854666e+01   6.3854666e+01   5.6054433e+00   1.7664971e+00
   6.8349252e+01   6.8349252e+01   6.4861893e+00   1.5140228e+00
   7.2678226e+01   7.2678226e+01   6.2801385e+00   1.0237335e+00
   7.9750845e+01   7.9750845e+01   7.9357632e+00   1.2038476e+00
   9.2489863e+01   9.2489863e+01   1.2969526e+01   2.2955255e+00
   1.0434908e+02   1.0434908e+02   1.4379737e+01   2.0431758e+00
   1.1208790e+02   1.1208790e+02   1.1127720e+01   5.3383554e-01
   1.1772595e+02   1.1772595e+02   7.2843211e+00  -7.1385025e-01
   1.2119843e+02   1.2119843e+02   3.5310755e+00  -1.5801987e+00
   1.2113128e+02   1.2113128e+02  -9.1820242e-01  -2.3980003e+00
   1.2613740e+02   1.2613740e+02   1.4076059e+00  -1.0515271e+00
   1.2636956e+02   1.2636956e+02  -5.8117393e-01  -1.3186814e+00
   1.2290617e+02   1.2290617e+02  -4.1980166e+00  -1.9737487e+00
   1.1816939e+02   1.1816939e+02  -6.6013523e+00  -2.0961980e+00
   1.1037507e+02   1.1037507e+02  -9.6487723e+00  -2.3673341e+00
   1.0473855e+02   1.0473855e+02  -8.8169002e+00  -1.4554332e+00
   1.0054608e+02   1.0054608e+02  -6.5850037e+00  -4.0439777e-01
   1.0007712e+02   1.0007712e+02  -2.1127239e+00   9.8564910e-01
   1.0559953e+02   1.0559953e+02   4.9608560e+00   2.7209513e+00
   1.1622047e+02   1.1622047e+02   1.2194928e+01   4.0073700e+00
   1.2505615e+02   1.2505615e+02   1.3523767e+01   3.2438822e+00
   1.3205228e+02   1.3205228e+02   1.1562787e+01   1.7602896e+00
   1.2108380e+02   1.2108380e+02  -4.6424146e+00  -3.3605890e+00
   1.1610558e+02   1.1610558e+02  -8.2707624e+00  -3.4369109e+00
   1.1709014e+02   1.1709014e+02  -4.3278647e+00  -1.3333723e+00
   1.1826877e+02   1.1826877e+02  -1.2705900e+00  -8.1863466e-02
   1.1776037e+02   1.1776037e+02  -7.4471372e-01   9.1366517e-02
   1.1928616e+02   1.1928616e+02   1.1570569e+00   6.0740360e-01
   1.2010601e+02   1.2010601e+02   1.4955921e+00   5.3076543e-01
   1.2342631e+02   1.2342631e+02   3.4813030e+00   9.4548271e-01
   1.2621710e+02   1.2621710e+02   3.8761946e+00   7.8854235e-01
   1.2850071e+02   1.2850071e+02   3.3948754e+00   4.2658135e-01
   1.3045342e+02   1.3045342e+02   2.6715330e+00   9.8807423e-02
   1.3074747e+02   1.3074747e+02   8.7464214e-01  -4.4154192e-01
   1.2734479e+02   1.2734479e+02  -2.9774640e+00  -1.4136882e+00
   1.2256625e+02   1.2256625e+02  -5.8272495e+00  -1.8230330e+00
   1.1617677e+02   1.1617677e+02  -8.0985871e+00  -1.9508176e+00
   1.1106192e+02   1.1106192e+02  -7.6702971e+00  -1.2726774e+00
   1.0841930e+02   1.0841930e+02  -4.9341099e+00  -1.2999172e-01
   1.0692008e+02   1.0692008e+02  -2.3252687e+00   6.5068447e-01
   1.0566388e+02   1.0566388e+02  -8.2214799e-01   8.9366265e-01
   1.0572295e+02   1.0572295e+02   7.7415633e-01   1.0939434e+00
   1.1220534e+02   1.1220534e+02   6.4196075e+00   2.3913040e+00
   1.2575753e+02   1.2575753e+02   1.4498133e+01   4.0123881e+00
   1.3701794e+02   1.3701794e+02   1.5928895e+01   3.2765222e+00
   1.4005361e+02   1.4005361e+02   8.9249021e+00   3.4616684e-01
   1.4366923e+02   1.4366923e+02   5.0376693e+00  -8.6052027e-01
   1.4512587e+02   1.4512587e+02   1.3217856e+00  -1.6744123e+00
   1.4458547e+02   1.4458547e+02  -1.8374570e+00  -2.0976479e+00
   1.4674375e+02   1.4674375e+02  -7.4907316e-01  -1.1895023e+00
   1.4752033e+02   1.4752033e+02  -7.2207717e-01  -8.4275195e-01
   1.4771255e+02   1.4771255e+02  -8.3581164e-01  -6.3495300e-01
   1.4620971e+02   1.4620971e+02  -2.0026224e+00  -7.8655359e-01
   1.4557114e+02   1.4557114e+02  -1.7015363e+00  -4.7653307e-01
   1.4549042e+02   1.4549042e+02  -8.8570161e-01  -1.0815692e-01
   1.4718786e+02   1.4718786e+02   1.0658337e+00   4.7893719e-01
   1.5110390e+02   1.5110390e+02   3.8174041e+00   1.1267280e+00
   1.5269876e+02   1.5269876e+02   3.1719712e+00   6.2159171e-01
   1.5596908e+02   1.5596908e+02   3.8719795e+00   6.4394354e-01
   1.5844037e+02   1.5844037e+02   3.3990745e+00   3.2559733e-01
   1.5891838e+02   1.5891838e+02   1.3955339e+00  -3.3829951e-01
   1.5703187e+02   1.5703187e+02  -1.5597302e+00  -1.0842384e+00
   1.5283052e+02   1.5283052e+02  -4.7502849e+00  -1.6846222e+00
   1.4801919e+02   1.4801919e+02  -6.4835812e+00  -1.6984963e+00
   1.4341053e+02   1.4341053e+02  -6.6870966e+00  -1.2723673e+00
   1.4225948e+02   1.4225948e+02  -3.5452540e+00  -1.4142116e-02
   1.4273566e+02   1.4273566e+02  -3.5286582e-01   8.9984640e-01
   1.4513478e+02   1.4513478e+02   2.7412964e+00   1.5253136e+00
   1.4492714e+02   1.4492714e+02   1.9152519e+00   8.5508312e-01
   1.4467989e+02   1.4467989e+02   1.0460441e+00   3.6359170e-01
   1.3984801e+02   1.3984801e+02  -3.2771737e+00  -9.7233521e-01
   1.3461493e+02   1.3461493e+02  -5.8090647e+00  -1.4168706e+00
   1.2971437e+02   1.2971437e+02  -6.5015352e+00  -1.2103878e+00
   1.2381171e+02   1.2381171e+02  -7.2344015e+00  -1.0742752e+00
   1.1765970e+02   1.1765970e+02  -7.4456262e+00  -8.2827151e-01
   1.1309442e+02   1.1309442e+02  -5.9772274e+00  -1.7362923e-01
   1.1083205e+02   1.1083205e+02  -3.1887834e+00   6.7067933e-01
   1.0943628e+02   1.0943628e+02  -1.0884328e+00   1.0781925e+00
   1.0656160e+02   1.0656160e+02  -1.4345231e+00   6.7221526e-01
   1.0274798e+02   1.0274798e+02  -2.6592945e+00   1.3149870e-01
   9.6977997e+01   9.6977997e+01  -5.0081309e+00  -5.7549534e-01
   9.1992792e+01   9.1992792e+01  -5.5653460e+00  -5.7028474e-01
   9.0667069e+01   9.0667069e+01  -2.7551329e+00   3.9329145e-01
   8.9500544e+01   8.9500544e+01  -1.0951517e+00   7.5434836e-01
   8.8096968e+01   8.8096968e+01  -5.8672772e-01   6.8425013e-01
   8.4839635e+01   8.4839635e+01  -2.0319070e+00   7.7278159e-02
   7.9149988e+01   7.9149988e+01  -4.8711575e+00  -7.5404839e-01
   7.5588304e+01   7.5588304e+01  -4.5810870e+00  -4.5643303e-01
   7.6327356e+01   7.6327356e+01  -7.9546338e-01   7.5272165e-01
   7.8931247e+01   7.8931247e+01   2.6677621e+00   1.5253229e+00
   8.1904085e+01   8.1904085e+01   4.4363393e+00   1.5946601e+00
   8.3038211e+01   8.3038211e+01   3.3979528e+00   8.4413717e-01
   8.3061112e+01   8.3061112e+01   1.5509643e+00   7.7059443e-02
   7.9581581e+01   7.9581581e+01  -2.3830831e+00  -1.0662654e+00
   7.6286676e+01   7.6286676e+01  -4.1763973e+00  -1.2735032e+00
   7.2026378e+01   7.2026378e+01  -5.5167990e+00  -1.2925719e+00
   6.7643498e+01   6.7643498e+01  -5.9052317e+00  -1.0348563e+00
   6.4980611e+01   6.4980611e+01  -4.3547773e+00  -2.9794006e-01
   6.3192914e+01   6.3192914e+01  -2.6058351e+00   2.8550270e-01
   6.1662035e+01   6.1662035e+01  -1.4632069e+00   5.2981753e-01
   6.1569167e+01   6.1569167e+01   1.5926177e-01   8.4126652e-01
   6.1935041e+01   6.1935041e+01   1.1652723e+00   8.8822512e-01
   6.5306407e+01   6.5306407e+01   3.8125443e+00   1.3896234e+00
   6.5224432e+01   6.5224432e+01   2.0968402e+00   5.0448166e-01
   6.4794434e+01   6.4794434e+01   5.8652709e-01  -6.9814896e-02
   6.4330320e+01   6.4330320e+01  -3.2102523e-01  -3.0860335e-01
   6.8567049e+01   6.8567049e+01   3.0045338e+00   7.2727730e-01
   7.1897524e+01   7.1897524e+01   3.9917036e+00   8.0135701e-01
   7.4451895e+01   7.4451895e+01   3.6469917e+00   4.7468183e-01
   7.8023653e+01   7.8023653e+01   4.0616853e+00   4.5758281e-01
   7.8977196e+01   7.8977196e+01   2.0409648e+00  -2.4883209e-01
   7.8721931e+01   7.8721931e+01  -3.8784615e-02  -7.7071628e-01
   7.6641797e+01   7.6641797e+01  -2.4371876e+00  -1.2346717e+00
   7.2527333e+01   7.2527333e+01  -5.0092494e+00  -1.6158810e+00
   6.7884728e+01   6.7884728e+01  -6.3327840e+00  -1.5325507e+00
   6.0371218e+01   6.0371218e+01  -8.8067957e+00  -1.8009045e+00
   5.1895812e+01   5.1895812e+01  -1.0343464e+01  -1.7255868e+00
   4.6457749e+01   4.6457749e+01  -8.1576891e+00  -6.1069318e-01
   4.2636598e+01   4.2636598e+01  -5.3106074e+00   3.7491002e-01
   4.2403605e+01   4.2403605e+01  -8.8701986e-01   1.5289440e+00
   4.4927586e+01   4.4927586e+01   3.3617137e+00   2.3041921e+00
   4.6547591e+01   4.6547591e+01   4.2771399e+00   1.9083386e+00
   4.7154055e+01   4.7154055e+01   3.2586352e+00   1.0740720e+00
   4.5533889e+01   4.5533889e+01   4.4255435e-01  -3.4776127e-02
   4.4472757e+01   4.4472757e+01  -7.9119830e-01  -3.7653207e-01
   4.2402222e+01   4.2402222e+01  -2.1878201e+00  -6.6729818e-01
   4.4616109e+01   4.4616109e+01   6.5461945e-01   3.3311652e-01
   5.0390387e+01   5.0390387e+01   5.0699374e+00   1.4967061e+00
   5.5870912e+01   5.5870912e+01   6.8940291e+00   1.5900240e+00
   6.2182971e+01   6.2182971e+01   8.0200143e+00   1.4577545e+00
   6.8526945e+01   6.8526945e+01   8.1413644e+00   1.0768262e+00
   7.4638248e+01   7.4638248e+01   7.5995049e+00   6.1543643e-01
   8.0535261e+01   8.0535261e+01   6.8574452e+00   2.2849612e-01
   8.6333130e+01   8.6333130e+01   6.2410790e+00  -1.2323216e-02
   9.2137348e+01   9.2137348e+01   5.8804217e+00  -1.1161228e-01
   9.9525859e+01   9.9525859e+01   6.9712965e+00   2.3114433e-01
   1.0459731e+02   1.0459731e+02   5.6875827e+00  -2.0065042e-01
   1.0550332e+02   1.0550332e+02   1.6743064e+00  -1.2874003e+00
   1.0780329e+02   1.0780329e+02   8.8578568e-01  -1.1451998e+00
   1.1272965e+02   1.1272965e+02   2.9623695e+00  -2.2686347e-01
   1.2049116e+02   1.2049116e+02   6.5621385e+00   8.6387883e-01
   1.2320873e+02   1.2320873e+02   4.3605188e+00  -9.9100604e-03
   1.8115326e+02   1.8115326e+02   4.7076263e+01   1.2168599e+01
   2.0827399e+02   2.0827399e+02   4.3333155e+01   7.6331303e+00
   2.1234421e+02   2.1234421e+02   1.9659662e+01  -1.2905013e+00
   2.0461198e+02   2.0461198e+02  -3.4719957e+00  -7.5160985e+00
   1.9266464e+02   1.9266464e+02  -1.7745979e+01  -9.4423642e+00
   1.8030617e+02   1.8030617e+02  -2.2892564e+01  -8.2178963e+00
   1.7003260e+02   1.7003260e+02  -2.1048600e+01  -5.3498664e+00
   1.6040824e+02   1.6040824e+02  -1.7289261e+01  -2.7533809e+00
   1.5291891e+02   1.5291891e+02  -1.2228581e+01  -5.2606332e-01
   1.4625156e+02   1.4625156e+02  -8.3203552e+00   7.3788535e-01
   1.3950515e+02   1.3950515e+02  -6.3274682e+00   1.0956107e+00
   1.3228170e+02   1.3228170e+02  -5.9462802e+00   8.9197182e-01
   1.2608023e+02   1.2608023e+02  -5.2577835e+00   8.3397333e-01
   1.2019673e+02   1.2019673e+02  -4.9227340e+00   6.9176023e-01
   1.1582634e+02   1.1582634e+02  -3.7905529e+00   8.1729768e-01
   1.1353017e+02   1.1353017e+02  -1.7816990e+00   1.1569385e+00
   1.1498305e+02   1.1498305e+02   1.9543600e+00   1.8920903e+00
   1.1774583e+02   1.1774583e+02   4.4910519e+00   2.0758274e+00
   1.2053505e+02   1.2053505e+02   5.2099098e+00   1.6890372e+00
   1.2137417e+02   1.2137417e+02   3.4138597e+00   6.9564886e-01
   1.2266689e+02   1.2266689e+02   2.4181957e+00   2.1355749e-01
   1.2121633e+02   1.2121633e+02  -4.5302724e-01  -6.6572749e-01
   1.1713936e+02   1.1713936e+02  -4.0083337e+00  -1.4893723e+00
   1.1379215e+02   1.1379215e+02  -4.9705587e+00  -1.3391144e+00
   1.0971813e+02   1.0971813e+02  -5.5948082e+00  -1.1353495e+00
   1.0707271e+02   1.0707271e+02  -4.3784340e+00  -4.6501479e-01
   1.0673089e+02   1.0673089e+02  -1.6248216e+00   4.5242182e-01
   1.0578618e+02   1.0578618e+02  -6.3011348e-01   6.0699496e-01
   1.0884135e+02   1.0884135e+02   2.9153760e+00   1.4445827e+00
   1.1802824e+02   1.1802824e+02   9.3606044e+00   2.8699654e+00
   1.2633221e+02   1.2633221e+02   1.1388048e+01   2.6298132e+00
   1.2880344e+02   1.2880344e+02   6.9079622e+00   6.0320950e-01
   1.2375810e+02   1.2375810e+02  -2.0198885e+00  -2.1135213e+00
   1.1432934e+02   1.1432934e+02  -1.0040935e+01  -3.7974008e+00
   1.0559059e+02   1.0559059e+02  -1.2800025e+01  -3.5014408e+00
   1.0284036e+02   1.0284036e+02  -8.2881821e+00  -1.2173367e+00
   9.8696904e+01   9.8696904e+01  -6.2006871e+00  -2.7532834e-01
   1.0276995e+02   1.0276995e+02   1.7158318e+00   2.0596736e+00
   1.1324585e+02   1.1324585e+02   1.0760415e+01   4.0506503e+00
   1.2095828e+02   1.2095828e+02   1.2380732e+01   3.3579088e+00
   1.2623385e+02   1.2623385e+02   1.0073283e+01   1.7430566e+00
   1.2846542e+02   1.2846542e+02   5.5636857e+00  -3.9198038e-02
   1.2944214e+02   1.2944214e+02   1.8670281e+00  -1.0817193e+00
   1.3183476e+02   1.3183476e+02   1.2043920e+00  -9.6226396e-01
   1.3681338e+02   1.3681338e+02   3.2515474e+00  -1.0445987e-01
   1.4001553e+02   1.4001553e+02   3.1076974e+00  -1.1568762e-01
   1.4379028e+02   1.4379028e+02   3.5238885e+00   3.5918934e-02
   1.4631434e+02   1.4631434e+02   2.7625888e+00  -1.9132006e-01
   1.4369277e+02   1.4369277e+02  -1.7218355e+00  -1.4150253e+00
   1.3590661e+02   1.3590661e+02  -7.9722982e+00  -2.7933171e+00
   1.2646268e+02   1.2646268e+02  -1.1939036e+01  -3.1277887e+00
   1.2934134e+02   1.2934134e+02  -3.2518152e+00   2.3995850e-01
   1.4275911e+02   1.4275911e+02   1.0279773e+01   4.0286010e+00
   1.5681332e+02   1.5681332e+02   1.7317956e+01   4.8864516e+00
   1.6490175e+02   1.6490175e+02   1.4845169e+01   2.7887761e+00
   1.6624499e+02   1.6624499e+02   6.8680693e+00  -2.7992621e-01
   1.6617981e+02   1.6617981e+02   1.0598569e+00  -1.8557074e+00
   1.6629652e+02   1.6629652e+02  -1.5478710e+00  -2.0700631e+00
   1.6570068e+02   1.6570068e+02  -2.8588239e+00  -1.8536866e+00
   1.6676619e+02   1.6676619e+02  -1.5834092e+00  -9.6176838e-01
   1.6884774e+02   1.6884774e+02   3.7710637e-01  -1.2880136e-01
   1.7133620e+02   1.7133620e+02   1.9318047e+00   3.5106294e-01
   1.7382491e+02   1.7382491e+02   2.7269232e+00   4.7763643e-01
   1.7917521e+02   1.7917521e+02   5.2963339e+00   1.0738752e+00
   1.7802636e+02   1.7802636e+02   1.2310852e+00  -3.9097930e-01
   1.7069273e+02   1.7069273e+02  -5.9890364e+00  -2.3375562e+00
   1.6416832e+02   1.6416832e+02  -8.7534786e+00  -2.4592357e+00
   1.6194647e+02   1.6194647e+02  -6.0046703e+00  -9.7473621e-01
   1.6663734e+02   1.6663734e+02   1.5487708e+00   1.4561331e+00
   1.7413095e+02   1.7413095e+02   7.7450729e+00   2.8072696e+00
   1.7892713e+02   1.7892713e+02   8.2010174e+00   2.1370485e+00
   1.8018341e+02   1.8018341e+02   4.8006270e+00   5.5865845e-01
   1.7967055e+02   1.7967055e+02   1.1225322e+00  -6.4898455e-01
   1.8171131e+02   1.8171131e+02   1.2057024e+00  -4.4029135e-01
   1.8678417e+02   1.8678417e+02   3.8489209e+00   4.3863146e-01
   1.9167304e+02   1.9167304e+02   5.1167646e+00   6.7498989e-01
   1.9466731e+02   1.9466731e+02   4.0993648e+00   1.9259159e-01
   1.9514017e+02   1.9514017e+02   1.4003319e+00  -6.3163627e-01
   1.9156446e+02   1.9156446e+02  -3.1989910e+00  -1.7625846e+00
   1.8960903e+02   1.8960903e+02  -3.9700145e+00  -1.4799503e+00
   1.9200009e+02   1.9200009e+02  -3.7790979e-01  -3.4213102e-02
   1.9495284e+02   1.9495284e+02   2.2436111e+00   7.2277659e-01
   1.9476458e+02   1.9476458e+02   1.0273115e+00   1.7006284e-01
   1.9442861e+02   1.9442861e+02   1.1035388e-01  -1.3978117e-01
   1.9565053e+02   1.9565053e+02   8.5688461e-01   1.1285293e-01
   1.9916459e+02   1.9916459e+02   3.0884587e+00   7.1677264e-01
   2.0358214e+02   2.0358214e+02   4.8649920e+00   1.0188465e+00
   2.1115017e+02   2.1115017e+02   8.0391297e+00   1.6331901e+00
   2.1524126e+02   2.1524126e+02   6.5243181e+00   7.3588457e-01
   2.1737910e+02   2.1737910e+02   3.7626110e+00  -2.6106801e-01
   2.1722988e+02   2.1722988e+02   3.8240788e-01  -1.1501454e+00
   2.1638565e+02   2.1638565e+02  -1.7458030e+00  -1.4289329e+00
   2.1415305e+02   2.1415305e+02  -3.5628895e+00  -1.5395721e+00
   2.0861956e+02   2.0861956e+02  -6.6737392e+00  -1.9874487e+00
   2.0655186e+02   2.0655186e+02  -4.9885171e+00  -9.4059159e-01
   2.0950360e+02   2.0950360e+02   4.0211424e-01   8.6405849e-01
   2.1149905e+02   2.1149905e+02   2.5366387e+00   1.2261918e+00
   2.1096532e+02   2.1096532e+02   1.3146436e+00   5.2836125e-01
   2.0902375e+02   2.0902375e+02  -7.5336499e-01  -2.1170731e-01
   1.9284859e+02   1.9284859e+02  -1.3261766e+01  -3.7167537e+00
   1.8446600e+02   1.8446600e+02  -1.3088073e+01  -2.6078217e+00
   1.8706729e+02   1.8706729e+02  -3.1858517e+00   9.5803759e-01
   1.9918772e+02   1.9918772e+02   9.9767819e+00   4.4368323e+00
   2.1892980e+02   2.1892980e+02   2.2200055e+01   6.6562773e+00
   2.4179187e+02   2.4179187e+02   2.9384189e+01   6.8067375e+00
   2.6267327e+02   2.6267327e+02   2.9411157e+01   4.8742339e+00
   2.7832572e+02   2.7832572e+02   2.3314775e+01   1.7471723e+00
   2.8061149e+02   2.8061149e+02   8.2942983e+00  -3.0322738e+00
   2.8517344e+02   2.8517344e+02   2.2860092e+00  -3.8805564e+00
   2.8482749e+02   2.8482749e+02  -3.6931673e+00  -4.4787465e+00
   2.8635776e+02   2.8635776e+02  -4.0069619e+00  -3.2915697e+00
   2.9273517e+02   2.9273517e+02   9.8153257e-01  -9.3142247e-01
   3.0306189e+02   3.0306189e+02   7.5015711e+00   1.1925400e+00
   3.1013478e+02   3.1013478e+02   8.3522989e+00   1.0951099e+00
   3.1050846e+02   3.1050846e+02   3.0855976e+00  -7.1825904e-01
   3.0933808e+02   3.0933808e+02  -1.0262069e+00  -1.6855543e+00
   3.0655299e+02   3.0655299e+02  -4.1142185e+00  -2.0853104e+00
   3.0666978e+02   3.0666978e+02  -2.8259010e+00  -1.1236924e+00
   3.0396266e+02   3.0396266e+02  -3.8548836e+00  -1.0966963e+00
   3.0306900e+02   3.0306900e+02  -2.5904242e+00  -4.2367315e-01
   2.9098482e+02   2.9098482e+02  -1.0584017e+01  -2.5814009e+00
   2.7705265e+02   2.7705265e+02  -1.5835093e+01  -3.3423646e+00
   2.6637767e+02   2.6637767e+02  -1.5063003e+01  -2.1695815e+00
   2.6248733e+02   2.6248733e+02  -8.3239691e+00   3.6972788e-01
   2.6469033e+02   2.6469033e+02   4.3952764e-01   2.7622855e+00
   2.6579187e+02   2.6579187e+02   3.7296682e+00   2.9127451e+00
   2.6379912e+02   2.6379912e+02   2.0795984e+00   1.6121616e+00
   2.5988456e+02   2.5988456e+02  -1.0877341e+00   2.4981589e-01
   2.5362577e+02   2.5362577e+02  -4.9610982e+00  -9.2545421e-01
   2.4359416e+02   2.4359416e+02  -9.9295663e+00  -2.0778738e+00
   2.3391977e+02   2.3391977e+02  -1.1803973e+01  -2.0198775e+00
   2.2507092e+02   2.2507092e+02  -1.1467564e+01  -1.3482424e+00
   2.1542673e+02   2.1542673e+02  -1.1361919e+01  -9.3382677e-01
   2.0705872e+02   2.0705872e+02  -9.9085295e+00  -2.5337519e-01
   1.9779673e+02   1.9779673e+02  -9.6463816e+00  -1.0643062e-01
   1.8803596e+02   1.8803596e+02  -9.8440180e+00  -1.3242790e-01
   1.7804591e+02   1.7804591e+02  -1.0092886e+01  -1.6561791e-01
   1.6798876e+02   1.6798876e+02  -1.0230008e+01  -1.5749550e-01
   1.5946390e+02   1.5946390e+02  -9.0278899e+00   2.3004840e-01
   1.5162590e+02   1.5162590e+02  -7.8490752e+00   5.0048450e-01
   1.4546823e+02   1.4546823e+02  -5.9999388e+00   8.8490386e-01
   1.3835121e+02   1.3835121e+02  -6.0057472e+00   6.3101549e-01
   1.3208263e+02   1.3208263e+02  -5.5842999e+00   5.7128023e-01
   1.3068402e+02   1.3068402e+02  -1.6755241e+00   1.5225991e+00
   1.2215480e+02   1.2215480e+02  -5.6177830e+00  -3.5102578e-02
   1.1612845e+02   1.1612845e+02  -5.9786553e+00  -1.2795988e-01
   1.1003583e+02   1.1003583e+02  -6.1974863e+00  -1.5386177e-01
   1.0396133e+02   1.0396133e+02  -6.2532823e+00  -1.2590911e-01
   9.6408558e+01   9.6408558e+01  -7.4153519e+00  -4.2125603e-01
   8.9759179e+01   8.9759179e+01  -7.2258533e+00  -2.4716670e-01
   8.3649178e+01   8.3649178e+01  -6.5832864e+00   6.4427368e-03
   7.7776565e+01   7.7776565e+01  -6.0101820e+00   1.6796381e-01
   7.3465728e+01   7.3465728e+01  -4.4872314e+00   5.5418889e-01
   7.1277269e+01   7.1277269e+01  -2.1000975e+00   1.0766510e+00
   7.1324791e+01   7.1324791e+01   6.8897579e-01   1.5647594e+00
   7.2003293e+01   7.2003293e+01   2.2453836e+00   1.5623789e+00
   7.2537874e+01   7.2537874e+01   2.4436399e+00   1.1735498e+00
   7.5756382e+01   7.5756382e+01   4.2350374e+00   1.3496609e+00
   7.8476339e+01   7.8476339e+01   4.3766364e+00   1.0053152e+00
   7.9160811e+01   7.9160811e+01   2.4379741e+00   1.6616468e-01
   8.0382423e+01   8.0382423e+01   1.6342619e+00  -1.1028874e-01
   8.0482383e+01   8.0482383e+01   3.0058472e-01  -4.5900306e-01
   8.0187282e+01   8.0187282e+01  -6.3339249e-01  -5.9438956e-01
   7.9893292e+01   7.9893292e+01  -9.5715677e-01  -5.1725061e-01
   7.9745528e+01   7.9745528e+01  -8.2903159e-01  -3.3329287e-01
   7.9740831e+01   7.9740831e+01  -5.0503495e-01  -1.4593924e-01
   7.9817206e+01   7.9817206e+01  -1.8738219e-01  -1.3797103e-02
   7.9911455e+01   7.9911455e+01   2.3382282e-02   5.0211867e-02
   7.9984413e+01   7.9984413e+01   1.1312386e-01   6.1479405e-02
   8.0023331e+01   8.0023331e+01   1.1543388e-01   4.4613780e-02
   8.0033192e+01   8.0033192e+01   7.5868536e-02   2.0619385e-02
   8.0026087e+01   8.0026087e+01   3.0328232e-02   1.7612452e-03
   8.0013494e+01   8.0013494e+01  -2.1337637e-03  -7.9937382e-03
   8.0002717e+01   8.0002717e+01  -1.7019145e-02  -9.9581303e-03
   7.9996579e+01   7.9996579e+01  -1.8301344e-02  -7.4851452e-03
   7.9994804e+01   7.9994804e+01  -1.2609035e-02  -3.7290471e-03
   7.9995741e+01   7.9995741e+01  -5.5370272e-03  -6.5031746e-04
   7.9997657e+01   7.9997657e+01  -2.4483165e-04   1.0435348e-03
   7.9999381e+01   7.9999381e+01   2.3686504e-03   1.4910322e-03
   8.0000419e+01   8.0000419e+01   2.7983047e-03   1.1884973e-03
   8.0000769e+01   8.0000769e+01   2.0353795e-03   6.3226437e-04
   8.0000671e+01   8.0000671e+01   9.6614244e-04   1.4726885e-04
   8.0000392e+01   8.0000392e+01   1.2032493e-04  -1.3580021e-04
   8.0000122e+01   8.0000122e+01  -3.2601051e-04  -2.2431509e-04
   7.9999951e+01   7.9999951e+01  -4.2683542e-04  -1.8911548e-04
   7.9999886e+01   7.9999886e+01  -3.2747991e-04  -1.0688979e-04
   7.9999894e+01   7.9999894e+01  -1.6670837e-04  -3.0595676e-05
   7.9999935e+01   7.9999935e+01  -3.2149698e-05   1.6479875e-05
   7.9999977e+01   7.9999977e+01   4.3337487e-05   3.3299302e-05
   8.0000005e+01   8.0000005e+01   6.4461119e-05   2.9828752e-05
   8.0000017e+01   8.0000017e+01   5.2273228e-05   1.7852340e-05
   8.0000016e+01   8.0000016e+01   2.8364673e-05   5.9488256e-06
   8.0000011e+01   8.0000011e+01   7.1175070e-06  -1.8031124e-06
   8.0000004e+01   8.0000004e+01  -5.5084905e-06  -4.8880646e-06
   8.0000000e+01   8.0000000e+01  -9.6437089e-06  -4.6734736e-06
   7.9999998e+01   7.9999998e+01  -8.2869080e-06  -2.9546058e-06
   7.9999997e+01   7.9999997e+01  -4.7719815e-06  -1.1105320e-06
   7.9999998e+01   7.9999998e+01  -1.4401848e-06   1.5570816e-07
   7.9999999e+01   7.9999999e+01   6.5177409e-07   7.0761654e-07
   8.0000000e+01   8.0000000e+01   1.4271457e-06   7.2692942e-07
   8.0000000e+01   8.0000000e+01   1.3045274e-06   4.8477459e-07
   1.3325629e+02   1.3325629e+02   4.2464345e+01   1.2104025e+01
   1.5767388e+02   1.5767388e+02   4.0178636e+01   8.0023794e+00
   1.6601095e+02   1.6601095e+02   2.2791879e+01   7.6546683e-01
   1.6688951e+02   1.6688951e+02   6.0845879e+00  -4.2149634e+00
   1.6462496e+02   1.6462496e+02  -4.7876337e+00  -6.1125465e+00
   1.6300431e+02   1.6300431e+02  -8.3749625e+00  -5.3927591e+00
   1.6175858e+02   1.6175858e+02  -8.0831673e+00  -3.7724353e+00
   1.6305201e+02   1.6305201e+02  -4.3790941e+00  -1.6413333e+00
   1.6424739e+02   1.6424739e+02  -1.5755729e+00  -3.7437319e-01
   1.6520391e+02   1.6520391e+02   6.9039776e-02   2.0111799e-01
   1.6734770e+02   1.6734770e+02   1.9244758e+00   6.7266436e-01
   1.6678269e+02   1.6678269e+02   6.1212765e-01   1.0685692e-01
   1.6329042e+02   1.6329042e+02  -2.5536932e+00  -8.2598626e-01
   1.5865461e+02   1.5865461e+02  -5.0398684e+00  -1.2992061e+00
   1.5695107e+02   1.5695107e+02  -3.6788317e+00  -5.4093119e-01
   1.5078270e+02   1.5078270e+02  -6.2048094e+00  -1.1067483e+00
   1.4870306e+02   1.4870306e+02  -4.0223273e+00  -1.6918697e-01
   1.4872765e+02   1.4872765e+02  -9.6466571e-01   7.5059308e-01
   1.5250813e+02   1.5250813e+02   3.5695085e+00   1.8290640e+00
   1.5601857e+02   1.5601857e+02   5.3514728e+00   1.8156387e+00
   1.5880610e+02   1.5880610e+02   5.1227298e+00   1.2329087e+00
   1.6398298e+02   1.6398298e+02   6.3988125e+00   1.2452150e+00
   1.6704811e+02   1.6704811e+02   4.9858875e+00   4.8753952e-01
   1.6896491e+02   1.6896491e+02   3.0262718e+00  -2.0999697e-01
   1.7199789e+02   1.7199789e+02   2.8216217e+00  -2.0847289e-01
   1.7723924e+02   1.7723924e+02   4.5425385e+00   3.4147982e-01
   1.8194780e+02   1.8194780e+02   5.0163982e+00   3.7921335e-01
   1.8470902e+02   1.8470902e+02   3.5974281e+00  -1.3334037e-01
   1.8503009e+02   1.8503009e+02   8.5164942e-01  -8.7798908e-01
   1.8445010e+02   1.8445010e+02  -1.1678630e+00  -1.2033686e+00
   1.8230671e+02   1.8230671e+02  -3.1490813e+00  -1.4250867e+00
   1.7979851e+02   1.7979851e+02  -4.0631552e+00  -1.2794277e+00
   1.7745831e+02   1.7745831e+02  -3.9687717e+00  -8.8783695e-01
   1.7387790e+02   1.7387790e+02  -4.5469429e+00  -7.9956991e-01
   1.6983997e+02   1.6983997e+02  -4.9406482e+00  -6.8388236e-01
   1.6421511e+02   1.6421511e+02  -6.1700877e+00  -8.3938783e-01
   1.5801077e+02   1.5801077e+02  -7.0367896e+00  -8.4717342e-01
   1.5479780e+02   1.5479780e+02  -4.8350112e+00   2.1898993e-02
   1.5607753e+02   1.5607753e+02   6.2531005e-02   1.4116510e+00
   1.6059833e+02   1.6059833e+02   5.0290160e+00   2.4249199e+00
   1.7047569e+02   1.7047569e+02   1.1319803e+01   3.5268455e+00
   1.8651591e+02   1.8651591e+02   1.8610512e+01   4.5996962e+00
   2.0731265e+02   2.0731265e+02   2.4953418e+01   5.0965804e+00
   2.2749882e+02   2.2749882e+02   2.6248791e+01   4.0130852e+00
   2.4785320e+02   2.4785320e+02   2.5561917e+01   2.6734102e+00
   2.6625206e+02   2.6625206e+02   2.2523805e+01   1.0453993e+00
   2.8362076e+02   2.8362076e+02   1.9458740e+01  -1.2624618e-01
   2.9617178e+02   2.9617178e+02   1.3824567e+01  -1.6962243e+00
   3.0543430e+02   3.0543430e+02   8.4907591e+00  -2.7330801e+00
   3.0941725e+02   3.0941725e+02   2.1633395e+00  -3.7576097e+00
   3.0885646e+02   3.0885646e+02  -3.7663753e+00  -4.3767459e+00
   3.0730396e+02   3.0730396e+02  -6.3778702e+00  -3.8735792e+00
   3.0630795e+02   3.0630795e+02  -5.9601791e+00  -2.6503967e+00
   3.0616962e+02   3.0616962e+02  -3.9684777e+00  -1.3272143e+00
   3.0509133e+02   3.0509133e+02  -2.9911772e+00  -6.7033602e-01
   3.0354556e+02   3.0354556e+02  -2.5090016e+00  -3.4182444e-01
   3.0176955e+02   3.0176955e+02  -2.2663727e+00  -1.7523201e-01
   2.9988116e+02   2.9988116e+02  -2.1402153e+00  -8.9324061e-02
   2.9641643e+02   2.9641643e+02  -3.2856560e+00  -3.9035925e-01
   2.9074887e+02   2.9074887e+02  -5.5752459e+00  -9.3171544e-01
   3.4210184e+02   3.4210184e+02   3.8885226e+01   1.2006861e+01
   3.5893359e+02   3.5893359e+02   3.3307560e+01   6.9945723e+00
   3.5401747e+02   3.5401747e+02   9.8241705e+00  -1.6928576e+00
   3.4113800e+02   3.4113800e+02  -9.9716262e+00  -6.8529144e+00
   3.2267095e+02   3.2267095e+02  -2.3598434e+01  -8.7837432e+00
   2.9825654e+02   2.9825654e+02  -3.3032801e+01  -8.9691967e+00
   2.6885754e+02   2.6885754e+02  -3.9104558e+01  -8.1433114e+00
   2.3907056e+02   2.3907056e+02  -3.9818417e+01  -6.0256224e+00
   2.1655881e+02   2.1655881e+02  -3.2044430e+01  -2.0921854e+00
   2.0238234e+02   2.0238234e+02  -1.9889451e+01   1.9688225e+00
   1.9885559e+02   1.9885559e+02  -4.8736936e+00   5.6877174e+00
   2.0160371e+02   2.0160371e+02   6.8913416e+00   7.4199944e+00
   2.0355359e+02   2.0355359e+02   1.0371219e+01   6.2969046e+00
   2.0333076e+02   2.0333076e+02   8.2208685e+00   3.8891012e+00
   1.9971988e+02   1.9971988e+02   2.6758336e+00   1.1999976e+00
   1.9600822e+02   1.9600822e+02  -1.2172918e+00  -2.5174482e-01
   1.9266758e+02   1.9266758e+02  -3.1621073e+00  -7.3433721e-01
   1.9140332e+02   1.9140332e+02  -2.3831797e+00  -3.0299662e-01
   1.8824401e+02   1.8824401e+02  -3.3050271e+00  -4.7939367e-01
   1.8878943e+02   1.8878943e+02  -7.1424015e-01   3.9572977e-01
   1.8953959e+02   1.8953959e+02   8.4914593e-01   7.2855821e-01
   1.8704977e+02   1.8704977e+02  -1.0846517e+00  -3.0318981e-02
   1.7990522e+02   1.7990522e+02  -5.9468769e+00  -1.4076042e+00
   1.7246843e+02   1.7246843e+02  -8.5424791e+00  -1.7462308e+00
   1.6550390e+02   1.6550390e+02  -9.0305210e+00  -1.3875970e+00
   1.6676449e+02   1.6676449e+02  -2.2124141e+00   9.5135462e-01
   1.6869688e+02   1.6869688e+02   2.0438350e+00   1.8933808e+00
   1.7626361e+02   1.7626361e+02   8.3409419e+00   3.1486177e+00
   1.7957978e+02   1.7957978e+02   7.4830177e+00   2.0065941e+00
   1.7255974e+02   1.7255974e+02  -2.0745203e+00  -1.2896430e+00
   1.6250802e+02   1.6250802e+02  -9.7248496e+00  -3.1026913e+00
   1.5979537e+02   1.5979537e+02  -7.2363038e+00  -1.5089666e+00
   1.6278499e+02   1.6278499e+02  -5.9155177e-01   8.1516717e-01
   1.6661109e+02   1.6661109e+02   3.7460728e+00   1.8192075e+00
   1.6552061e+02   1.6552061e+02   1.7088101e+00   7.1996025e-01
   1.6020764e+02   1.6020764e+02  -3.1701035e+00  -8.7594124e-01
   1.5320496e+02   1.5320496e+02  -7.1019819e+00  -1.7470047e+00
   1.4602463e+02   1.4602463e+02  -8.9114548e+00  -1.7648106e+00
   1.4083109e+02   1.4083109e+02  -7.7117546e+00  -9.1980727e-01
   1.3835417e+02   1.3835417e+02  -4.4575217e+00   2.6996001e-01
   1.3701850e+02   1.3701850e+02  -1.6983338e+00   9.7948884e-01
   1.3583739e+02   1.3583739e+02  -3.0643294e-01   1.0970427e+00
   1.3436620e+02   1.3436620e+02  -1.3811756e-01   8.3231849e-01
   1.3405456e+02   1.3405456e+02   5.5584000e-01   7.9288013e-01
   1.3414600e+02   1.3414600e+02   9.7843362e-01   6.8733376e-01
   1.3426896e+02   1.3426896e+02   9.8364579e-01   4.9290201e-01
   1.3429962e+02   1.3429962e+02   7.1667470e-01   2.7630798e-01
   1.3272148e+02   1.3272148e+02  -8.3680163e-01  -2.4525324e-01
   1.3197242e+02   1.3197242e+02  -1.0120997e+00  -2.2531324e-01
   1.3479453e+02   1.3479453e+02   1.8198276e+00   6.4612178e-01
   1.3766856e+02   1.3766856e+02   3.3065271e+00   8.8571982e-01
   1.4023324e+02   1.4023324e+02   3.6007265e+00   7.1711300e-01
   1.4243868e+02   1.4243868e+02   3.2052960e+00   3.9999390e-01
   1.4439323e+02   1.4439323e+02   2.6080012e+00   1.1572702e-01
   1.4776110e+02   1.4776110e+02   3.3296141e+00   2.8842855e-01
   1.5026089e+02   1.5026089e+02   2.9563795e+00   9.9828279e-02
   1.4772634e+02   1.4772634e+02  -1.3220320e+00  -1.1481440e+00
   1.4001028e+02   1.4001028e+02  -7.5685117e+00  -2.6013722e+00
   1.3210567e+02   1.3210567e+02  -1.0437873e+01  -2.6777597e+00
   1.3257180e+02   1.3257180e+02  -4.4212370e+00  -1.9951157e-01
   1.4629531e+02   1.4629531e+02   9.8471206e+00   3.9244059e+00
   1.6059889e+02   1.6059889e+02   1.7324922e+01   4.9372648e+00
   1.6580891e+02   1.6580891e+02   1.2602266e+01   2.1838036e+00
   1.6592548e+02   1.6592548e+02   4.8305005e+00  -6.5392911e-01
   1.6865922e+02   1.6865922e+02   2.5046987e+00  -1.1304793e+00
   1.7180001e+02   1.7180001e+02   1.8814143e+00  -9.8590856e-01
   1.7544541e+02   1.7544541e+02   2.3020297e+00  -5.8499336e-01
   1.7946120e+02   1.7946120e+02   3.0835166e+00  -1.9549219e-01
   1.7756547e+02   1.7756547e+02  -1.0822177e+00  -1.3271689e+00
   1.7002916e+02   1.7002916e+02  -7.5556103e+00  -2.7940471e+00
   1.6211327e+02   1.6211327e+02  -1.0636927e+01  -2.8759304e+00
   1.5796118e+02   1.5796118e+02  -8.3421220e+00  -1.4020654e+00
   1.5751692e+02   1.5751692e+02  -3.4467585e+00   3.9295206e-01
   1.6010322e+02   1.6010322e+02   1.7566982e+00   1.7641370e+00
   1.6500971e+02   1.6500971e+02   6.0323498e+00   2.4800184e+00
   1.7024926e+02   1.7024926e+02   7.8802205e+00   2.2998312e+00
   1.7346615e+02   1.7346615e+02   6.4617059e+00   1.2399550e+00
   1.8150435e+02   1.8150435e+02   8.9586959e+00   1.5982599e+00
   1.9924041e+02   1.9924041e+02   1.7555658e+01   3.5931681e+00
   2.1771202e+02   2.1771202e+02   2.1879172e+01   3.8013457e+00
   2.3077257e+02   2.3077257e+02   1.8648910e+01   1.7970581e+00
   2.3768875e+02   2.3768875e+02   1.1090784e+01  -8.6954091e-01
   2.4057842e+02   2.4057842e+02   3.6820156e+00  -2.7334807e+00
   2.4558390e+02   2.4558390e+02   2.0038130e+00  -2.4326845e+00
   2.5246621e+02   2.5246621e+02   3.4610345e+00  -1.3239067e+00
   2.5750421e+02   2.5750421e+02   3.3945314e+00  -9.6549673e-01
   2.6021497e+02   2.6021497e+02   1.8838309e+00  -1.1209015e+00
   2.5898042e+02   2.5898042e+02  -1.7235429e+00  -1.8296449e+00
   2.5173581e+02   2.5173581e+02  -7.9554506e+00  -3.0844647e+00
   2.4394746e+02   2.4394746e+02  -1.0906676e+01  -3.0464863e+00
   2.3985699e+02   2.3985699e+02  -8.5182042e+00  -1.4973072e+00
   2.3640667e+02   2.3640667e+02  -5.9745982e+00  -3.4548640e-01
   2.3466817e+02   2.3466817e+02  -2.9423907e+00   6.1729054e-01
   2.3193441e+02   2.3193441e+02  -2.1587512e+00   6.6470661e-01
   2.3146795e+02   2.3146795e+02  -1.4468384e-01   1.0493280e+00
   2.3183813e+02   2.3183813e+02   1.3151757e+00   1.1663458e+00
   2.3227587e+02   2.3227587e+02   1.7818893e+00   9.6692284e-01
   2.3401381e+02   2.3401381e+02   2.7137763e+00   9.5693624e-01
   2.3465243e+02   2.3465243e+02   2.0160645e+00   4.8529582e-01
   2.4376794e+02   2.4376794e+02   8.1621651e+00   2.0988501e+00
   2.5654811e+02   2.5654811e+02   1.3943215e+01   3.1484233e+00
   2.6707431e+02   2.6707431e+02   1.4367052e+01   2.3718079e+00
   2.7121512e+02   2.7121512e+02   8.5848822e+00   4.7600367e-02
   2.7234412e+02   2.7234412e+02   2.6874753e+00  -1.6469629e+00
   2.6968193e+02   2.6968193e+02  -3.2250879e+00  -2.8628285e+00
   2.6610927e+02   2.6610927e+02  -6.3650507e+00  -2.9418228e+00
   2.6450364e+02   2.6450364e+02  -5.5119099e+00  -1.8601074e+00
   2.6280204e+02   2.6280204e+02  -4.3338357e+00  -9.9410493e-01
   2.6267682e+02   2.6267682e+02  -1.9721705e+00  -3.7577113e-02
   2.6169016e+02   2.6169016e+02  -1.2239438e+00   1.8640820e-01
   2.6163312e+02   2.6163312e+02  -1.0708932e-01   4.5162235e-01
   2.7253789e+02   2.7253789e+02   9.1249247e+00   2.9543828e+00
   2.7735452e+02   2.7735452e+02   8.6440554e+00   1.9751995e+00
   2.7230518e+02   2.7230518e+02  -2.9928446e-01  -1.1370180e+00
   2.6439337e+02   2.6439337e+02  -7.5062162e+00  -2.8671846e+00
   2.6382025e+02   2.6382025e+02  -4.8452426e+00  -1.2914399e+00
   2.7192769e+02   2.7192769e+02   4.1912512e+00   1.6524315e+00
   2.8059328e+02   2.8059328e+02   9.4113287e+00   2.6693524e+00
   2.8391467e+02   2.8391467e+02   7.2248198e+00   1.2852390e+00
   2.8570774e+02   2.8570774e+02   4.1790065e+00   5.0717022e-02
   2.8692969e+02   2.8692969e+02   1.8718957e+00  -6.2135759e-01
   2.8971334e+02   2.8971334e+02   1.9775349e+00  -4.1413460e-01
   2.9344767e+02   2.9344767e+02   2.9641900e+00  -1.4853902e-02
   2.9457691e+02   2.9457691e+02   1.4862222e+00  -4.3189950e-01
   2.9297188e+02   2.9297188e+02  -1.4105072e+00  -1.1344739e+00
   2.9645991e+02   2.9645991e+02   1.3609038e+00  -2.1141546e-02
   3.0404357e+02   3.0404357e+02   6.3015316e+00   1.3931599e+00
   3.1008255e+02   3.1008255e+02   7.4853397e+00   1.3334863e+00
   3.1485342e+02   3.1485342e+02   6.6544261e+00   7.1654632e-01
   3.1731745e+02   3.1731745e+02   4.0297263e+00  -2.3584157e-01
   3.1727902e+02   3.1727902e+02   5.5010575e-01  -1.1604475e+00
   3.1948074e+02   3.1948074e+02   7.0658138e-01  -7.8507205e-01
   3.2156641e+02   3.2156641e+02   1.0211429e+00  -4.7163281e-01
   3.2061893e+02   3.2061893e+02  -1.0201887e+00  -9.1905931e-01
   3.1990402e+02   3.1990402e+02  -1.6958327e+00  -8.4967628e-01
   3.1957141e+02   3.1957141e+02  -1.4585362e+00  -5.3984584e-01
   3.2411343e+02   3.2411343e+02   2.7862152e+00   8.2395444e-01
   3.3990967e+02   3.3990967e+02   1.3983817e+01   3.7808560e+00
   3.5853935e+02   3.5853935e+02   2.1469090e+01   4.8367620e+00
   3.6935076e+02   3.6935076e+02   1.7807865e+01   2.4144981e+00
   3.7258266e+02   3.7258266e+02   8.6001000e+00  -8.9830857e-01
   3.6811004e+02   3.6811004e+02  -2.7218478e+00  -3.8694599e+00
   3.5824562e+02   3.5824562e+02  -1.2286502e+01  -5.4928166e+00
   3.4599022e+02   3.4599022e+02  -1.7754517e+01  -5.4857470e+00
   3.3262120e+02   3.3262120e+02  -1.9743448e+01  -4.4890157e+00
   3.2590443e+02   3.2590443e+02  -1.3845538e+01  -1.5283290e+00
   3.2570856e+02   3.2570856e+02  -4.4901905e+00   1.5739511e+00
   3.2637786e+02   3.2637786e+02   1.1977232e+00   2.7465939e+00
   3.2181205e+02   3.2181205e+02  -6.5128732e-01   1.4366641e+00
   3.1419122e+02   3.1419122e+02  -4.7718478e+00  -1.4736571e-01
   3.0681790e+02   3.0681790e+02  -6.9935165e+00  -7.3862449e-01
   2.9995799e+02   2.9995799e+02  -7.6256052e+00  -7.0825755e-01
   2.9664433e+02   2.9664433e+02  -4.8956993e+00   2.7175563e-01
   2.9650470e+02   2.9650470e+02  -8.3165424e-01   1.3527088e+00
   2.9744340e+02   2.9744340e+02   1.9326636e+00   1.7550734e+00
   2.9985076e+02   2.9985076e+02   4.0662365e+00   1.8629608e+00
   3.0398015e+02   3.0398015e+02   5.9795515e+00   1.8773138e+00
   3.0694714e+02   3.0694714e+02   5.4547806e+00   1.1926242e+00
   3.0600970e+02   3.0600970e+02   1.5505166e+00  -2.6019142e-01
   3.0332998e+02   3.0332998e+02  -2.0826913e+00  -1.2216351e+00
   2.9725513e+02   2.9725513e+02  -6.4875085e+00  -2.1289685e+00
   2.8561879e+02   2.8561879e+02  -1.2721943e+01  -3.2991893e+00
   2.7525774e+02   2.7525774e+02  -1.4138654e+01  -2.7626082e+00
   2.7091894e+02   2.7091894e+02  -9.0872670e+00  -5.3530922e-01
   2.7108939e+02   2.7108939e+02  -2.2408610e+00   1.5687729e+00
   2.7276779e+02   2.7276779e+02   2.4529685e+00   2.4595382e+00
   2.7124878e+02   2.7124878e+02   1.7454203e+00   1.5567927e+00
   2.6919459e+02   2.6919459e+02   2.7256186e-01   6.9322178e-01
   2.6835094e+02   2.6835094e+02   7.5758649e-02   4.3952930e-01
   2.6505885e+02   2.6505885e+02  -2.1700940e+00  -3.2591124e-01
   2.6373419e+02   2.6373419e+02  -1.8218856e+00  -1.3376037e-01
   2.6350063e+02   2.6350063e+02  -6.8918257e-01   2.2723202e-01
   2.6371570e+02   2.6371570e+02   2.5906341e-01   4.3274965e-01
   2.6247236e+02   2.6247236e+02  -5.0614696e-01   9.1283446e-02
   2.5742709e+02   2.5742709e+02  -4.0341658e+00  -9.4036149e-01
   2.4928997e+02   2.4928997e+02  -8.2460570e+00  -1.8728775e+00
   2.4177131e+02   2.4177131e+02  -9.5389372e+00  -1.7075552e+00
   2.3662041e+02   2.3662041e+02  -7.7476547e+00  -7.1024743e-01
   2.3277358e+02   2.3277358e+02  -5.3475420e+00   1.7632879e-01
   2.2786271e+02   2.2786271e+02  -4.8230310e+00   2.7557454e-01
   2.1920547e+02   2.1920547e+02  -7.6046955e+00  -5.9586006e-01
   2.0733968e+02   2.0733968e+02  -1.1598173e+01  -1.5643161e+00
   2.0354621e+02   2.0354621e+02  -6.9393448e+00   2.0952734e-01
   1.9158033e+02   1.9158033e+02  -1.0737764e+01  -9.3289675e-01
   1.8628797e+02   1.8628797e+02  -7.3287247e+00   3.0472764e-01
   1.8583749e+02   1.8583749e+02  -1.5395742e+00   1.8680060e+00
   1.8711448e+02   1.8711448e+02   2.5742400e+00   2.5081506e+00
   1.8688233e+02   1.8688233e+02   2.8446913e+00   1.8703174e+00
   1.8384827e+02   1.8384827e+02   2.7541414e-02   5.3420299e-01
   1.7788386e+02   1.7788386e+02  -4.2159866e+00  -8.2764016e-01
   1.6935573e+02   1.6935573e+02  -8.4819492e+00  -1.8076987e+00
   1.6173061e+02   1.6173061e+02  -9.6064466e+00  -1.6129592e+00
   1.5355131e+02   1.5355131e+02  -1.0081463e+01  -1.2886001e+00
   1.4387319e+02   1.4387319e+02  -1.1048454e+01  -1.1969288e+00
   1.3524049e+02   1.3524049e+02  -1.0319161e+01  -6.4787907e-01
   1.2878520e+02   1.2878520e+02  -7.8861481e+00   2.3029746e-01
   1.2934470e+02   1.2934470e+02  -9.2164574e-01   2.1498134e+00
   1.3570923e+02   1.3570923e+02   7.0378633e+00   3.8058075e+00
   1.4217870e+02   1.4217870e+02   1.0390456e+01   3.6766233e+00
   1.4452810e+02   1.4452810e+02   7.6554735e+00   1.8490609e+00
   1.4139265e+02   1.4139265e+02   9.0030466e-01  -6.0348643e-01
   1.3902686e+02   1.3902686e+02  -2.3074324e+00  -1.3458013e+00
   1.4225852e+02   1.4225852e+02   7.6340724e-01  -8.6883183e-02
   1.5441731e+02   1.5441731e+02   9.7627265e+00   2.5030455e+00
   1.5947824e+02   1.5947824e+02   8.5167566e+00   1.4344272e+00
   1.6039076e+02   1.6039076e+02   3.8878852e+00  -2.9385381e-01
   1.5950183e+02   1.5950183e+02  -2.1480553e-01  -1.3795237e+00
   1.7961037e+02   1.7961037e+02   1.4610659e+01   3.2395418e+00
   1.9861769e+02   1.9861769e+02   2.1355920e+01   4.2388110e+00
   2.1695047e+02   2.1695047e+02   2.3184204e+01   3.5517150e+00
   2.3090256e+02   2.3090256e+02   1.9374618e+01   1.4534519e+00
   2.3485022e+02   2.3485022e+02   8.5272526e+00  -2.0527698e+00
   2.3167823e+02   2.3167823e+02  -2.8540051e+00  -4.7117595e+00
   2.2515393e+02   2.2515393e+02  -1.0492299e+01  -5.5459379e+00
   2.1720148e+02   2.1720148e+02  -1.4013072e+01  -4.9686857e+00
   2.0989230e+02   2.0989230e+02  -1.3636349e+01  -3.4450318e+00
   2.0062605e+02   2.0062605e+02  -1.3596850e+01  -2.4518021e+00
   1.9385422e+02   1.9385422e+02  -1.0606664e+01  -9.0061908e-01
   1.9294967e+02   1.9294967e+02  -3.7712244e+00   1.3044649e+00
   1.8980349e+02   1.8980349e+02  -1.9683768e+00   1.4465238e+00
   1.9100378e+02   1.9100378e+02   2.0047083e+00   2.1666941e+00
   1.9680605e+02   1.9680605e+02   7.1994230e+00   3.0298003e+00
   2.0552292e+02   2.0552292e+02   1.1439170e+01   3.3746831e+00
   2.1318691e+02   2.1318691e+02   1.1803685e+01   2.5166655e+00
   2.2119373e+02   2.2119373e+02   1.1292888e+01   1.6537185e+00
   2.2602996e+02   2.2602996e+02   7.7983402e+00   1.8625810e-01
   2.2787250e+02   2.2787250e+02   3.2356872e+00  -1.1673702e+00
   2.2417864e+02   2.2417864e+02  -3.4570128e+00  -2.7423087e+00
   2.1712939e+02   2.1712939e+02  -9.0636184e+00  -3.5587471e+00
   2.0801573e+02   2.0801573e+02  -1.2662267e+01  -3.5701206e+00
   2.0041018e+02   2.0041018e+02  -1.2200377e+01  -2.4208376e+00
   1.9565823e+02   1.9565823e+02  -8.6821515e+00  -7.2796851e-01
   1.9231991e+02   1.9231991e+02  -5.1491711e+00   4.8657122e-01
   1.9084486e+02   1.9084486e+02  -1.7330061e+00   1.3216218e+00
   1.8978756e+02   1.8978756e+02   1.2739481e-01   1.4751953e+00
   1.8997966e+02   1.8997966e+02   1.6541818e+00   1.4899010e+00
   1.9191242e+02   1.9191242e+02   3.3662082e+00   1.5532155e+00
   1.9278423e+02   1.9278423e+02   2.9305006e+00   9.8629341e-01
   1.9136694e+02   1.9136694e+02   4.5004513e-01  -1.8677406e-03
   1.9347783e+02   1.9347783e+02   1.7724671e+00   3.7560745e-01
   1.9734228e+02   1.9734228e+02   3.8161352e+00   8.5107099e-01
   2.0179870e+02   2.0179870e+02   5.1777378e+00   9.9659279e-01
   2.0319034e+02   2.0319034e+02   3.1554585e+00   1.3609429e-01
   2.1216915e+02   2.1216915e+02   7.9348463e+00   1.4596174e+00
   2.1850327e+02   2.1850327e+02   8.1181105e+00   1.0958061e+00
   2.2310541e+02   2.2310541e+02   6.4104345e+00   2.9670227e-01
   2.2531937e+02   2.2531937e+02   3.3610383e+00  -6.5706871e-01
   2.2359793e+02   2.2359793e+02  -1.3485885e+00  -1.8122088e+00
   2.2053803e+02   2.2053803e+02  -4.5253202e+00  -2.2011520e+00
   2.2056787e+02   2.2056787e+02  -3.0943826e+00  -1.1658622e+00
   2.2091728e+02   2.2091728e+02  -1.5143081e+00  -3.8316113e-01
   2.2137880e+02   2.2137880e+02  -3.2202267e-01   6.5903723e-02
   2.2025278e+02   2.2025278e+02  -8.9719601e-01  -1.1682871e-01
   2.1984586e+02   2.1984586e+02  -6.2309851e-01  -5.3992079e-03
   2.1981409e+02   2.1981409e+02  -1.5699738e-01   1.2899712e-01
   2.1991798e+02   2.1991798e+02   1.8002051e-01   1.8829130e-01
   2.2306666e+02   2.2306666e+02   2.7353970e+00   8.6300463e-01
   2.2747426e+02   2.2747426e+02   4.9317490e+00   1.2430616e+00
   2.2601068e+02   2.2601068e+02   1.0754436e+00  -2.1046059e-01
   2.2473819e+02   2.2473819e+02  -1.0071643e+00  -7.4409694e-01
   2.2393566e+02   2.2393566e+02  -1.5880914e+00  -6.9758707e-01
   2.2208314e+02   2.2208314e+02  -2.4965265e+00  -7.5768713e-01
   2.1990112e+02   2.1990112e+02  -3.0034380e+00  -6.8620611e-01
   2.1773633e+02   2.1773633e+02  -3.0209405e+00  -4.9559902e-01
   2.1721433e+02   2.1721433e+02  -1.5239848e+00   7.2358252e-02
   2.1440432e+02   2.1440432e+02  -2.4770495e+00  -2.1992805e-01
   2.1198260e+02   2.1198260e+02  -2.6528603e+00  -2.0735286e-01
   2.0679646e+02   2.0679646e+02  -4.8801475e+00  -7.8311441e-01
   2.0045837e+02   2.0045837e+02  -6.8257618e+00  -1.1144731e+00
   1.9695534e+02   1.9695534e+02  -5.2908312e+00  -3.5928776e-01
   1.9344136e+02   1.9344136e+02  -4.2333313e+00   4.4553011e-02
   1.8981056e+02   1.8981056e+02  -3.7083420e+00   1.8149642e-01
   1.8450284e+02   1.8450284e+02  -4.8021238e+00  -1.8200851e-01
   1.7688520e+02   1.7688520e+02  -7.2291123e+00  -8.2191700e-01
   1.6839613e+02   1.6839613e+02  -9.0556654e+00  -1.1082782e+00
   1.6288546e+02   1.6288546e+02  -7.3373124e+00  -3.0257601e-01
   1.6045674e+02   1.6045674e+02  -3.7259776e+00   8.1304406e-01
   1.6530445e+02   1.6530445e+02   3.9233612e+00   2.7616597e+00
   1.6829369e+02   1.6829369e+02   5.9401916e+00   2.5493537e+00
   1.7405594e+02   1.7405594e+02   8.3476671e+00   2.5089128e+00
   1.7601011e+02   1.7601011e+02   5.7586687e+00   1.0558056e+00
   1.7433665e+02   1.7433665e+02   8.8840707e-01  -6.3335902e-01
   1.7885785e+02   1.7885785e+02   3.1516881e+00   1.9229848e-01
   1.7743746e+02   1.7743746e+02  -3.0160281e-01  -8.4683934e-01
   1.7170687e+02   1.7170687e+02  -5.4772904e+00  -2.0807331e+00
   1.6605491e+02   1.6605491e+02  -7.6972920e+00  -2.1204301e+00
   1.5960715e+02   1.5960715e+02  -8.8214004e+00  -1.8364389e+00
   1.5170956e+02   1.5170956e+02  -9.9212343e+00  -1.6264772e+00
   1.4499258e+02   1.4499258e+02  -8.9927666e+00  -8.9821639e-01
   1.3752156e+02   1.3752156e+02  -8.6776054e+00  -5.5235558e-01
   1.3124509e+02   1.3124509e+02  -7.3154011e+00  -6.6299273e-03
   1.2550479e+02   1.2550479e+02  -6.0661099e+00   3.5135747e-01
   1.1986573e+02   1.1986573e+02  -5.3742369e+00   4.4841793e-01
   1.1563917e+02   1.1563917e+02  -4.0107110e+00   7.0926007e-01
   1.1191113e+02   1.1191113e+02  -3.0760633e+00   7.7350450e-01
   1.0819974e+02   1.0819974e+02  -2.8091380e+00   6.2910931e-01
   1.0737584e+02   1.0737584e+02  -5.9708309e-01   1.0803117e+00
   1.0770788e+02   1.0770788e+02   1.2240731e+00   1.2914818e+00
   1.0670131e+02   1.0670131e+02   7.3693108e-01   7.8450335e-01
   1.0482241e+02   1.0482241e+02  -5.6431898e-01   1.8998076e-01
   1.0406174e+02   1.0406174e+02  -5.3090689e-01   1.4535247e-01
   1.0388778e+02   1.0388778e+02  -1.0093909e-01   2.2647915e-01
   1.0547062e+02   1.0547062e+02   1.4681189e+00   6.0916745e-01
   1.0774615e+02   1.0774615e+02   2.7210824e+00   7.9267492e-01
   1.0706854e+02   1.0706854e+02   8.0378395e-01   2.0224834e-02
   1.0492624e+02   1.0492624e+02  -1.5250747e+00  -6.4935729e-01
   1.0233515e+02   1.0233515e+02  -3.0244285e+00  -8.9164006e-01
   9.9835128e+01   9.9835128e+01  -3.4979315e+00  -7.7245439e-01
   9.7602264e+01   9.7602264e+01  -3.2616739e+00  -4.8493138e-01
   9.7124685e+01   9.7124685e+01  -1.5266849e+00   1.4783410e-01
   9.7425452e+01   9.7425452e+01   7.8282986e-02   5.6317513e-01
   9.7881295e+01   9.7881295e+01   9.4250933e-01   6.4898669e-01
   9.8197051e+01   9.8197051e+01   1.0917485e+00   5.0653878e-01
   9.9829884e+01   9.9829884e+01   2.0297255e+00   6.2951583e-01
   1.0044481e+02   1.0044481e+02   1.5311401e+00   3.0796215e-01
   1.0047264e+02   1.0047264e+02   6.4042430e-01  -3.3708686e-02
   1.0026624e+02   1.0026624e+02  -6.8505949e-02  -2.2617366e-01
   1.0004730e+02   1.0004730e+02  -4.1463177e-01  -2.6036479e-01
   9.9912135e+01   9.9912135e+01  -4.5215909e-01  -1.9684726e-01
   9.9870829e+01   9.9870829e+01  -3.2140972e-01  -1.0346920e-01
   9.9892223e+01   9.9892223e+01  -1.5154128e-01  -2.5557117e-02
   9.9937972e+01   9.9937972e+01  -1.9787166e-02   1.9282834e-02
   9.8458822e+01   9.8458822e+01  -1.1641396e+00  -3.1239944e-01
   9.6309683e+01   9.6309683e+01  -2.2619366e+00  -5.3626896e-01
   9.5533029e+01   9.5533029e+01  -1.6139029e+00  -1.9869564e-01
   9.5502264e+01   9.5502264e+01  -5.5027074e-01   1.6111793e-01
   9.5749321e+01   9.5749321e+01   2.4660335e-01   3.4233369e-01
   9.7520634e+01   9.7520634e+01   1.8046764e+00   6.8886770e-01
   9.8317009e+01   9.8317009e+01   1.6895667e+00   4.5970221e-01
   1.0000157e+02   1.0000157e+02   2.1452801e+00   4.5856525e-01
   1.0203513e+02   1.0203513e+02   2.5147595e+00   4.3317223e-01
   1.0565314e+02   1.0565314e+02   3.8276194e+00   6.8391817e-01
   1.1139741e+02   1.1139741e+02   6.0397940e+00   1.1195320e+00
   1.1786538e+02   1.1786538e+02   7.5007381e+00   1.2168480e+00
   1.2280516e+02   1.2280516e+02   6.6755855e+00   6.3479669e-01
   1.2835419e+02   1.2835419e+02   6.4121114e+00   3.7875384e-01
   1.3266169e+02   1.3266169e+02   5.1127351e+00  -9.9579931e-02
   1.3642443e+02   1.3642443e+02   3.9367311e+00  -4.0640355e-01
   1.3856478e+02   1.3856478e+02   2.0979655e+00  -8.1468365e-01
   1.4015853e+02   1.4015853e+02   8.8123770e-01  -9.2928220e-01
   1.4329192e+02   1.4329192e+02   1.7477339e+00  -4.1741401e-01
   1.4577029e+02   1.4577029e+02   1.9128956e+00  -2.5135678e-01
   1.4792422e+02   1.4792422e+02   1.8537289e+00  -1.9657497e-01
   1.4994689e+02   1.4994689e+02   1.7918580e+00  -1.5817898e-01
   1.5193751e+02   1.5193751e+02   1.7921655e+00  -1.1300401e-01
   1.5545695e+02   1.5545695e+02   3.0564172e+00   2.7956857e-01
   1.5507958e+02   1.5507958e+02   5.9802750e-01  -5.0085831e-01
   1.5440128e+02   1.5440128e+02  -9.2052244e-01  -7.9094086e-01
   1.5539741e+02   1.5539741e+02  -1.8320413e-01  -3.5532628e-01
   1.5885526e+02   1.5885526e+02   2.3646945e+00   4.7220816e-01
   1.6029181e+02   1.6029181e+02   2.0968390e+00   2.6126061e-01
   1.7730905e+02   1.7730905e+02   1.4255004e+01   3.6523509e+00
   1.8733090e+02   1.8733090e+02   1.4532015e+01   2.6902451e+00
   1.8979434e+02   1.8979434e+02   7.5992863e+00  -5.2684811e-02
   1.9024692e+02   1.9024692e+02   1.8481119e+00  -1.6769807e+00
   1.9050112e+02   1.9050112e+02  -1.0997832e+00  -2.0392418e+00
   1.9137841e+02   1.9137841e+02  -1.5625901e+00  -1.5898952e+00
   1.9299916e+02   1.9299916e+02  -6.1422224e-01  -8.6638941e-01
   1.9665690e+02   1.9665690e+02   1.9256720e+00   1.0453675e-01
   1.9966096e+02   1.9966096e+02   2.8900673e+00   3.4963062e-01
   1.9908859e+02   1.9908859e+02   4.7889389e-01  -4.3730822e-01
   1.9989654e+02   1.9989654e+02   3.0396684e-01  -3.6251917e-01
   2.0461279e+02   2.0461279e+02   3.4596126e+00   6.4029762e-01
   2.1106053e+02   2.1106053e+02   6.4825246e+00   1.3194374e+00
   2.1789070e+02   2.1789070e+02   8.0791577e+00   1.3984492e+00
   2.2294957e+02   2.2294957e+02   7.0693573e+00   7.1200235e-01
   2.2848292e+02   2.2848292e+02   6.5566085e+00   3.6289962e-01
   2.3272704e+02   2.3272704e+02   5.0756284e+00  -1.6267934e-01
   2.3490958e+02   2.3490958e+02   2.6061216e+00  -8.2021683e-01
   2.3027612e+02   2.3027612e+02  -3.9866403e+00  -2.4656215e+00
   2.2454763e+02   2.2454763e+02  -7.8411348e+00  -2.8615055e+00
   2.1921221e+02   2.1921221e+02  -8.7046918e+00  -2.2920108e+00
   2.1925105e+02   2.1925105e+02  -4.0249772e+00  -3.0479207e-01
   2.2494453e+02   2.2494453e+02   3.4193251e+00   1.9040077e+00
   2.3113025e+02   2.3113025e+02   7.5291405e+00   2.5327505e+00
   2.3359290e+02   2.3359290e+02   6.0220821e+00   1.3812445e+00
   2.3229986e+02   2.3229986e+02   1.5705576e+00  -2.8132641e-01
   2.3396901e+02   2.3396901e+02   1.3678385e+00  -2.5892022e-01
   2.3736298e+02   2.3736298e+02   2.7244781e+00   2.0157853e-01
   2.4154253e+02   2.4154253e+02   4.0862661e+00   5.3228431e-01
   2.4438960e+02   2.4438960e+02   3.6304687e+00   2.5064179e-01
   2.4648319e+02   2.4648319e+02   2.6556686e+00  -9.8657850e-02
   2.4522919e+02   2.4522919e+02  -5.6039432e-01  -9.8724215e-01
   2.4415997e+02   2.4415997e+02  -1.9533527e+00  -1.1028874e+00
   2.4052781e+02   2.4052781e+02  -4.3948505e+00  -1.4844445e+00
   2.3907502e+02   2.3907502e+02  -3.5334215e+00  -8.1577739e-01
   2.4197679e+02   2.4197679e+02   7.8195000e-01   6.4680391e-01
   2.4370309e+02   2.4370309e+02   2.1817461e+00   8.6143661e-01
   2.4140763e+02   2.4140763e+02  -5.2675894e-01  -1.5613860e-01
   2.3716748e+02   2.3716748e+02  -3.6437970e+00  -1.0001126e+00
   2.3845089e+02   2.3845089e+02  -7.1516098e-01   1.1973685e-01
   2.4554483e+02   2.4554483e+02   5.6312246e+00   1.8945791e+00
   2.5484613e+02   2.5484613e+02   1.0452170e+01   2.7287099e+00
   2.6126733e+02   2.6126733e+02   9.9667523e+00   1.8125557e+00
   2.6268715e+02   2.6268715e+02   4.9643363e+00  -1.2998198e-01
   2.6487342e+02   2.6487342e+02   2.6192430e+00  -7.6137670e-01
   2.6331382e+02   2.6331382e+02  -1.4741665e+00  -1.7111384e+00
   2.5739682e+02   2.5739682e+02  -6.7278354e+00  -2.7209004e+00
   2.5472484e+02   2.5472484e+02  -6.2147639e+00  -1.7990899e+00
   2.4964362e+02   2.4964362e+02  -7.1100183e+00  -1.5414609e+00
   2.4517085e+02   2.4517085e+02  -6.5486443e+00  -9.4206938e-01
   2.4271365e+02   2.4271365e+02  -4.2283644e+00  -1.2170234e-02
   2.4268090e+02   2.4268090e+02  -8.9512693e-01   9.4140387e-01
   2.4347037e+02   2.4347037e+02   1.3894984e+00   1.3242754e+00
   2.4877050e+02   2.4877050e+02   5.8319514e+00   2.2130799e+00
   2.5566571e+02   2.5566571e+02   8.8928301e+00   2.4547362e+00
   2.5956878e+02   2.5956878e+02   7.3689347e+00   1.3206681e+00
   2.5861625e+02   2.5861625e+02   2.0544213e+00  -5.7062223e-01
   2.6016042e+02   2.6016042e+02   1.0769447e+00  -6.8659188e-01
   2.6181758e+02   2.6181758e+02   8.5299123e-01  -5.5472155e-01
   2.6216040e+02   2.6216040e+02  -1.0852220e-01  -6.7067340e-01
   2.6201241e+02   2.6201241e+02  -8.1066530e-01  -6.7964351e-01
   2.6028745e+02   2.6028745e+02  -2.2193265e+00  -8.8744252e-01
   2.5953790e+02   2.5953790e+02  -1.9348292e+00  -5.5339311e-01
   2.5942667e+02   2.5942667e+02  -1.0341670e+00  -1.3892958e-01
   2.5961549e+02   2.5961549e+02  -1.9793234e-01   1.3903098e-01
   2.5833907e+02   2.5833907e+02  -9.1884077e-01  -1.0608592e-01
   2.5786132e+02   2.5786132e+02  -6.7322099e-01  -5.8358237e-03
   2.6084901e+02   2.6084901e+02   2.2400021e+00   8.2621193e-01
   2.6530370e+02   2.6530370e+02   4.8321143e+00   1.3295637e+00
   2.7155410e+02   2.7155410e+02   7.2925525e+00   1.6519078e+00
   2.7515930e+02   2.7515930e+02   6.0043212e+00   8.1385137e-01
   2.7571351e+02   2.7571351e+02   2.4724813e+00  -4.2484330e-01
   2.7500127e+02   2.7500127e+02  -4.9172308e-01  -1.1486621e+00
   2.7260027e+02   2.7260027e+02  -3.1627610e+00  -1.5825997e+00
   2.6834385e+02   2.6834385e+02  -5.6174038e+00  -1.8311666e+00
   2.6673859e+02   2.6673859e+02  -4.2494542e+00  -9.1929139e-01
   2.6668182e+02   2.6668182e+02  -1.8256692e+00   3.3618199e-02
   2.6724801e+02   2.6724801e+02   1.1511093e-01   5.7723511e-01
   2.7241249e+02   2.7241249e+02   4.7185020e+00   1.7248495e+00
   2.8235696e+02   2.8235696e+02   1.0610325e+01   2.9126024e+00
   2.9375298e+02   2.9375298e+02   1.4149406e+01   3.0911739e+00
   3.0036861e+02   3.0036861e+02   1.1233461e+01   1.3789064e+00
   3.0277517e+02   3.0277517e+02   5.5741634e+00  -6.2726151e-01
   3.0199712e+02   3.0199712e+02  -1.1808130e-01  -2.0709829e+00
   3.0044946e+02   3.0044946e+02  -3.3289549e+00  -2.3958971e+00
   2.9626802e+02   2.9626802e+02  -6.4045874e+00  -2.5896487e+00
   2.9757538e+02   2.9757538e+02  -2.8450548e+00  -8.3688769e-01
   3.0634756e+02   3.0634756e+02   5.5811563e+00   1.8034635e+00
   3.1502617e+02   3.1502617e+02   9.8543987e+00   2.5074486e+00
   3.3029706e+02   3.3029706e+02   1.6680736e+01   3.7385034e+00
   3.4471228e+02   3.4471228e+02   1.8612808e+01   3.2235987e+00
   3.5166570e+02   3.5166570e+02   1.2539697e+01   5.7366719e-01
   3.4731144e+02   3.4731144e+02  -3.5717074e-01  -3.2659705e+00
   3.3862021e+02   3.3862021e+02  -1.0268366e+01  -5.1601235e+00
   3.3417059e+02   3.3417059e+02  -1.0788865e+01  -3.8376461e+00
   3.2993855e+02   3.2993855e+02  -9.3983793e+00  -2.3474210e+00
   3.2621564e+02   3.2621564e+02  -7.2204155e+00  -1.0575065e+00
   3.1519484e+02   3.1519484e+02  -1.1308192e+01  -1.9212539e+00
   3.0549449e+02   3.0549449e+02  -1.1947414e+01  -1.5558237e+00
   2.9845649e+02   2.9845649e+02  -9.5886803e+00  -4.4001946e-01
   2.8364275e+02   2.8364275e+02  -1.4194942e+01  -1.6275641e+00
   2.7595435e+02   2.7595435e+02  -1.0634461e+01  -1.4876496e-01
   2.9322627e+02   2.9322627e+02   1.1468157e+01   6.1937631e+00
   3.0568771e+02   3.0568771e+02   1.8453923e+01   6.4195155e+00
   3.1490423e+02   3.1490423e+02   1.7507916e+01   4.3200488e+00
   3.1688250e+02   3.1688250e+02   9.4452742e+00   7.9049011e-01
   3.1238393e+02   3.1238393e+02  -8.8247684e-01  -2.3786503e+00
   3.0883753e+02   3.0883753e+02  -5.3852237e+00  -2.9841022e+00
   2.9778256e+02   2.9778256e+02  -1.2890146e+01  -4.2727155e+00
   2.8725668e+02   2.8725668e+02  -1.5277696e+01  -3.7353685e+00
   2.8112462e+02   2.8112462e+02  -1.1720713e+01  -1.6567586e+00
   2.7594385e+02   2.7594385e+02  -8.1627955e+00  -1.7036873e-01
   2.7099085e+02   2.7099085e+02  -5.7738114e+00   5.5914850e-01
   2.6581272e+02   2.6581272e+02  -4.7396901e+00   6.9453464e-01
   2.5873506e+02   2.5873506e+02  -5.9093571e+00   1.6316309e-01
   2.5067590e+02   2.5067590e+02  -7.4603572e+00  -3.2544153e-01
   2.3924753e+02   2.3924753e+02  -1.0949719e+01  -1.2272844e+00
   2.2350641e+02   2.2350641e+02  -1.5997469e+01  -2.3162691e+00
   2.0331772e+02   2.0331772e+02  -2.1655647e+01  -3.2688458e+00
   1.9713525e+02   1.9713525e+02  -1.2586823e+01   2.4788041e-01
   1.6587188e+02   1.6587188e+02  -2.7230842e+01  -3.9969027e+00
   1.4119655e+02   1.4119655e+02  -2.9190087e+01  -3.4160892e+00
   1.2417441e+02   1.2417441e+02  -2.2903961e+01  -6.5057260e-01
   1.1247675e+02   1.1247675e+02  -1.4619097e+01   1.8963820e+00
   1.0405239e+02   1.0405239e+02  -7.7832970e+00   3.3043123e+00
   9.7585973e+01   9.7585973e+01  -3.4289560e+00   3.6036122e+00
   9.4037558e+01   9.4037558e+01   7.9404210e-02   3.5764616e+00
   9.2506368e+01   9.2506368e+01   2.3716457e+00   3.2104078e+00
   9.2688409e+01   9.2688409e+01   3.8361538e+00   2.7127570e+00
   9.7647082e+01   9.7647082e+01   7.4439605e+00   2.9678818e+00
   1.0730419e+02   1.0730419e+02   1.2176514e+01   3.4708832e+00
   1.1835418e+02   1.1835418e+02   1.4749153e+01   3.2148479e+00
   1.2922070e+02   1.2922070e+02   1.4868149e+01   2.3324073e+00
   1.3793482e+02   1.3793482e+02   1.2293593e+01   9.3372762e-01
   1.4548981e+02   1.4548981e+02   9.4489580e+00  -1.4325574e-01
   1.4965972e+02   1.4965972e+02   5.0964134e+00  -1.3430703e+00
   1.4961604e+02   1.4961604e+02  -3.4515613e-01  -2.5113054e+00
   1.4373916e+02   1.4373916e+02  -7.2672230e+00  -3.7685477e+00
   1.3154806e+02   1.3154806e+02  -1.4961867e+01  -4.8876412e+00
   1.1614022e+02   1.1614022e+02  -2.0205113e+01  -4.9890027e+00
   1.0207091e+02   1.0207091e+02  -2.0301679e+01  -3.5944637e+00
   9.2596060e+01   9.2596060e+01  -1.5263282e+01  -1.1337554e+00
   8.5448445e+01   8.5448445e+01  -9.9259430e+00   7.1076350e-01
   8.5015435e+01   8.5015435e+01  -1.6459115e+00   2.8683056e+00
   7.7762759e+01   7.7762759e+01  -3.2482057e+00   1.5940071e+00
   7.4123079e+01   7.4123079e+01  -1.9663439e+00   1.5050332e+00
   7.3559099e+01   7.3559099e+01   6.5687555e-01   1.8237607e+00
   7.7094877e+01   7.7094877e+01   4.7761530e+00   2.4780742e+00
   8.9577193e+01   8.9577193e+01   1.3398800e+01   4.2295215e+00
   1.0527667e+02   1.0527667e+02   1.9462785e+01   4.7524167e+00
   1.2265527e+02   1.2265527e+02   2.2553357e+01   4.2787247e+00
   1.4124588e+02   1.4124588e+02   2.3672356e+01   3.3780775e+00
   1.5965481e+02   1.5965481e+02   2.2853599e+01   2.1818130e+00
   1.6386231e+02   1.6386231e+02   1.0167789e+01  -2.0560505e+00
   1.9530972e+02   1.9530972e+02   2.5079217e+01   2.7803552e+00
   2.0639856e+02   2.0639856e+02   1.6704229e+01  -3.9936084e-01
   2.0704770e+02   2.0704770e+02   3.5032122e+00  -4.0483415e+00
   2.0404534e+02   2.0404534e+02  -5.7323975e+00  -5.5269190e+00
   2.0111807e+02   2.0111807e+02  -9.0226250e+00  -4.8893730e+00
   1.9963087e+02   1.9963087e+02  -7.9035643e+00  -3.1767307e+00
   1.9954282e+02   1.9954282e+02  -4.8485361e+00  -1.4004318e+00
   2.0025250e+02   2.0025250e+02  -1.8170730e+00  -1.3716570e-01
   2.0114737e+02   2.0114737e+02   2.0814930e-01   4.7920078e-01
   2.0184584e+02   2.0184584e+02   1.0783139e+00   5.9064099e-01
   2.0222105e+02   2.0222105e+02   1.1083304e+00   4.3084076e-01
   2.0231798e+02   2.0231798e+02   7.3272183e-01   2.0097065e-01
   2.0225132e+02   2.0225132e+02   2.9629957e-01   1.9288347e-02
   2.0213099e+02   2.0213099e+02  -1.6619032e-02  -7.5403833e-02
   2.0202736e+02   2.0202736e+02  -1.6140371e-01  -9.5180130e-02
   2.0196794e+02   2.0196794e+02  -1.7526655e-01  -7.2001472e-02
   2.0195041e+02   2.0195041e+02  -1.2149471e-01  -3.6151080e-02
   2.0195908e+02   2.0195908e+02  -5.3858581e-02  -6.5676027e-03
   2.0197733e+02   2.0197733e+02  -2.9283003e-03   9.8215784e-03
   2.0199388e+02   2.0199388e+02   2.2422935e-02   1.4248148e-02
   2.0200390e+02   2.0200390e+02   2.6783208e-02   1.1429711e-02
   2.0200734e+02   2.0200734e+02   1.9600190e-02   6.1243432e-03
   2.0200644e+02   2.0200644e+02   9.3823146e-03   1.4661618e-03
   2.0200379e+02   2.0200379e+02   1.2478602e-03  -1.2703953e-03
   2.0200120e+02   2.0200120e+02  -3.0759559e-03  -2.1407415e-03
   2.0199955e+02   2.0199955e+02  -4.0810850e-03  -1.8170469e-03
   2.0199892e+02   2.0199892e+02  -3.1507753e-03  -1.0339411e-03
   2.0199899e+02   2.0199899e+02  -1.6161944e-03  -3.0181027e-04
   2.0199937e+02   2.0199937e+02  -3.2318734e-04   1.5277603e-04
   2.0199977e+02   2.0199977e+02   4.0711856e-04   3.1739498e-04
   2.0200004e+02   2.0200004e+02   6.1568451e-04   2.8637439e-04
   2.0200016e+02   2.0200016e+02   5.0253260e-04   1.7249352e-04
   2.0200016e+02   2.0200016e+02   2.7460800e-04   5.8358448e-05
   2.0200010e+02   2.0200010e+02   7.0601707e-05  -1.6425928e-05
   2.0200004e+02   2.0200004e+02  -5.1410126e-05  -4.6522106e-05
   2.0200000e+02   2.0200000e+02  -9.2000833e-05  -4.4831421e-05
   2.0199998e+02   2.0199998e+02  -7.9602702e-05  -2.8518725e-05
   2.0199998e+02   2.0199998e+02  -4.6142693e-05  -1.0852324e-05
   2.0199998e+02   2.0199998e+02  -1.4178261e-05   1.3521528e-06
   2.0199999e+02   2.0199999e+02   6.0164880e-06   6.7230413e-06
   2.0200000e+02   2.0200000e+02   1.3596796e-05   6.9673964e-06
   2.0200000e+02   2.0200000e+02   1.2520975e-05   4.6747599e-06
   2.0200000e+02   2.0200000e+02   7.6761884e-06   1.9613109e-06
   2.0200000e+02   2.0200000e+02   2.7038307e-06  -1.5060095e-08
   2.0200000e+02   2.0200000e+02  -6.0996805e-07  -9.5533168e-07
   2.0200000e+02   2.0200000e+02  -1.9843171e-06  -1.0747683e-06
   2.0200000e+02   2.0200000e+02  -1.9555594e-06  -7.6021952e-07
   2.0200000e+02   2.0200000e+02  -1.2655123e-06  -3.4683592e-07
   2.0200000e+02   2.0200000e+02  -4.9774839e-07  -2.9130689e-08
   2.0200000e+02   2.0200000e+02   4.1679343e-08   1.3293106e-07
   2.0200000e+02   2.0200000e+02   2.8532310e-07   1.6448858e-07
   2.0200000e+02   2.0200000e+02   3.0320713e-07   1.2270046e-07
   2.0200000e+02   2.0200000e+02   2.0690480e-07   6.0275966e-08
   2.0200000e+02   2.0200000e+02   8.9280817e-08   9.5674153e-09
   2.0200000e+02   2.0200000e+02   2.1345983e-09  -1.7999810e-08
   2.0200000e+02   2.0200000e+02  -4.0293614e-08  -2.4962873e-08
   2.0200000e+02   2.0200000e+02  -4.6656211e-08  -1.9661059e-08
   2.0200000e+02   2.0200000e+02  -3.3564945e-08  -1.0325344e-08
   2.0200000e+02   2.0200000e+02  -1.5694454e-08  -2.2884095e-09
   2.0200000e+02   2.0200000e+02  -1.7177655e-09   2.3477895e-09
   2.4004021e+02   2.4004021e+02   3.0331675e+01   8.6457323e+00
   2.5639448e+02   2.5639448e+02   2.7832406e+01   5.4689644e+00
   2.5362210e+02   2.5362210e+02   8.8983956e+00  -1.4868531e+00
   2.4843003e+02   2.4843003e+02  -3.8236114e+00  -4.6893183e+00
   2.4110183e+02   2.4110183e+02  -1.1307335e+01  -5.4858347e+00
   2.3147245e+02   2.3147245e+02  -1.5455239e+01  -5.1044715e+00
   2.1904733e+02   2.1904733e+02  -1.8143620e+01  -4.4157895e+00
   2.0782421e+02   2.0782421e+02  -1.7041298e+01  -2.8429086e+00
   1.9627370e+02   1.9627370e+02  -1.5506077e+01  -1.5949678e+00
   1.8627005e+02   1.8627005e+02  -1.2713644e+01  -3.4438423e-01
   1.7845872e+02   1.7845872e+02  -9.1491260e+00   7.6980822e-01
   1.7135647e+02   1.7135647e+02  -6.7472265e+00   1.2350191e+00
   1.6414573e+02   1.6414573e+02  -5.8817924e+00   1.1296727e+00
   1.5654152e+02   1.5654152e+02  -6.1254985e+00   7.3820515e-01
   1.5314273e+02   1.5314273e+02  -3.2131343e+00   1.3579269e+00
   1.4998316e+02   1.4998316e+02  -1.8124968e+00   1.3701011e+00
   1.4956243e+02   1.4956243e+02   6.6734179e-01   1.6864204e+00
   1.5157657e+02   1.5157657e+02   3.4276418e+00   1.9925187e+00
   1.5576181e+02   1.5576181e+02   6.0242397e+00   2.1647053e+00
   1.6042722e+02   1.6042722e+02   7.1054666e+00   1.8558709e+00
   1.6332339e+02   1.6332339e+02   5.6050270e+00   8.9918906e-01
   1.6365725e+02   1.6365725e+02   2.3012036e+00  -2.9883647e-01
   1.5990363e+02   1.5990363e+02  -2.8254970e+00  -1.6749695e+00
   1.5473628e+02   1.5473628e+02  -6.3677642e+00  -2.2072236e+00
   1.5113136e+02   1.5113136e+02  -6.3720055e+00  -1.5792861e+00
   1.5178968e+02   1.5178968e+02  -2.3456085e+00   1.8556283e-02
   1.5595346e+02   1.5595346e+02   2.8632623e+00   1.4980021e+00
   1.5971696e+02   1.5971696e+02   5.0790820e+00   1.7026087e+00
   1.6419041e+02   1.6419041e+02   6.2987824e+00   1.5649606e+00
   1.6555219e+02   1.6555219e+02   3.9271810e+00   4.4288405e-01
   1.6378903e+02   1.6378903e+02  -1.6717057e-01  -8.5040836e-01
   1.5934473e+02   1.5934473e+02  -4.4279893e+00  -1.8225108e+00
