0000010100000000   0000010100000000   0000010011110000   
0000010100000000   0001001111110000   0000111011110000   
1111000000010000   1110010110010000   1110011000010000   
0000010001100000   1111101001100000   0001010011010000   
0000010001000000   1011000110110000   1011011101010000   
1101001001010000   1101001110010000   1101001110110000   
0000010000000000   0000010101100000   0011000111010000   
1111100000100000   0101001111110000   0101101000010000   
0000001101100000   1001110010100000   0001000101100000   
1110011011000000   1111010011000000   0111010011000000   
0000001101100000   1001000101100000   1001110010100000   
1111000111000000   0110100000000000   1111100110100000   
0000001100100000   0000101100000000   1010001100000000   
1111011110100000   1000000100000000   1000000101000000   
0000001011100000   1000110010000000   0000101110000000   
0000001011100000   0010010010000000   1001100000000000   
0000001011100000   1011110010000000   1001100000000000   
0000001011100000   1001100000000000   1101101110000000   
0000001011100000   0010001110000000   1000101110000000   
0000001011100000   0001100110000000   1001100110000000   
0000001100100000   1000000010000000   1000000001000000   
0000001101100000   1000000010000000   0000000000000000   
0000001110000000   0000000000100000   0111111110100000   
0000001110100000   0111111111000000   0111111110100000   
0000000111100000   0111100111100000   1111110000100000   
0000110000000000   0000011001000000   1000010001000000   
0000010000100000   0111110001100000   0111011000100000   
0000100001000000   1000001000000000   0000000111000000   
0000010011000000   1111100011000000   0111110001000000   
0000010100100000   1000010001000000   1000001111100000   
0000000101100000   0111110000100000   1111101111100000   
0000010110100000   0000000000100000   1000010000000000   
0000011000100000   0111101001100000   0111101001000000   
0000110010000000   1000011010100000   0000011001000000   
0000011010100000   0000000001100000   0111100111000000   
0000011010000000   0111100011100000   0111100100000000   
0000011011000000   1000000010100000   0000000001100000   
0000011000100000   1111111111000000   0111111111000000   
0000011010000000   1000000000100000   1000000001100000   
0000011000100000   0111111111000000   1111111111100000   
0000011001100000   0000000000100000   1000000001100000   
0000011001000000   1000000000100000   1000000000100000   
0000011001000000   1000000000100000   0000000000000000   
0000011000000000   0000000110100000   1000000110000000   
0000010111100000   0111111110100000   0111111111000000   
0000010111000000   0111111111000000   0000000000000000   
0000010110100000   1111111111100000   1000000000100000   
0000010110000000   1000000000000000   1000000000100000   
0000010110000000   1000000000100000   0000000000100000   
0000010110100000   0000000001000000   1000000000100000   
0000010111100000   1000000001100000   1000000000100000   
0000011000000000   1000000000000000   1111111111100000   
0000011000000000   1111111111100000   0111111111100000   
0000011000100000   1000000000000000   1000000000100000   
0000011001100000   1000000011000000   0000000010000000   
0000011001100000   0000000010000000   0111111111000000   
0000010111100000   0111111001000000   0111111001000000   
0000011010000000   1000000101000000   0000000010100000   
0000010101000000   1111111101100000   0111111101100000   
0000011010100000   1000000011000000   1000000101100000   
0000010110100000   0111111010100000   1111111011000000   
0000011001000000   1111111101100000   1000000011000000   
0000011010100000   1000001110100000   1000001101000000   
0000010111100000   0111111000100000   1111111011100000   
0000011111000000   0000000011000000   1000000011000000   
0000011000000000   0111111100000000   0111111001000000   
0000011100000000   1000000001000000   0000000001000000   
0000011000000000   1111111101000000   0111111100000000   
0000011011000000   1000000010000000   1000000010000000   
0000010111000000   0111111110000000   1111111100000000   
0000011000000000   1111111110100000   0111111111000000   
0000010101100000   0111111100100000   0111111110000000   
0000011001000000   1000000101000000   0000000101000000   
0000010110100000   1111111011000000   0111111101100000   
0000011101100000   1000000100100000   1000000011100000   
0000010111100000   0111111101100000   1111111001000000   
0000011001000000   1111111110100000   0111111111000000   
0000010110100000   0111111100100000   0111111110000000   
0000011001000000   1000011110100000   0000011100000000   
0000010101100000   1111110110100000   0111111010000000   
0000011110000000   1000000010100000   1000000011000000   
0000010011000000   0111111000000000   1111110101100000   
0000011000000000   0000000001000000   1000000010100000   
0000010000000000   0111111010100000   0111111001100000   
0000010100100000   1000000011000000   0000000011100000   
0000001111100000   1111111110100000   0111111011100000   
0000010111000000   1000000111100000   1000000100100000   
0000010011100000   1000000001000000   1111111001100000   
0000010100100000   1111111010100000   0111111001100000   
0000010101000000   1000000000000000   0111111111100000   
0000010110000000   1000000000100000   0000000000000000   
0000010110000000   0000000000000000   0111111111100000   
0000010110000000   0111111111100000   0111111111100000   
0000010110000000   0111111111100000   0000000000000000   
0000010110100000   0000000101100000   1000000101000000   
0000010110000000   0111111110100000   0111111111000000   
0000010111100000   1000000000100000   0000000000100000   
0000011001100000   0000000010100000   1000000010000000   
0000010111000000   0111111101000000   0111111101000000   
0000011001100000   0111111111100000   0000000010100000   
0000011001000000   0000000010000000   1000000010100000   
0000010111100000   1000000001000000   0111111111000000   
0000010111100000   0111111110100000   1111111110000000   
0000011010000000   0000000000100000   1000000010000000   
0000011110100000   1000001000100000   1000000110000000   
0000011111000000   0111111110100000   1111111110000000   
0000100100100000   0000000011100000   1000000001100000   
0000100011000000   1000000000000000   0111111100100000   
0000100101000000   1000000000100000   1111111111100000   
0000100100000000   1111111110100000   0111111110000000   
0000100101100000   1000001110100000   1000001101000000   
0000100011100000   0111111010100000   1111111100100000   
0000101001000000   0000000010000000   1000000010000000   
0000100011100000   0111111100100000   0111111010100000   
0000100100000000   0111111101000000   1111111110100000   
0000100001000000   1111111011100000   0111111110100000   
0000100101100000   1000000111100000   1000000111100000   
0000100000100000   1000000010100000   1111111011000000   
0000011100000000   1111110011000000   0111110100000000   
0000011110100000   0111110110100000   1000000011100000   
0000100110000000   1000010011100000   0000010100100000   
0000011101100000   1111110000000000   0111111000100000   
0000101101100000   1000001000100000   1000001000100000   
0000011101000000   0111111000000000   1111101111100000   
0000100011000000   0000000011100000   1000000100100000   
0000011010100000   0111111100000000   0111111000100000   
0000011101100000   1000011110100000   0000011011100000   
0000011001100000   1111110101000000   0111111001000000   
0000100110100000   1000000110000000   1000000101000000   
0000011011100000   0111111010000000   1111110100000000   
0000100010100000   0000000001100000   1000000001000000   
0000011100000000   0111111010100000   0111111001000000   
0000011111100000   1000000001000000   0000000010000000   
0000011011000000   1111111101100000   0111111100100000   
0000100000100000   1000000110000000   1000000100100000   
0000011101100000   1000000001100000   1111111011100000   
0000011110000000   1111111011100000   0111111010100000   
0000011110000000   0111111111000000   0111111111000000   
0000011110000000   0111111111000000   1111111111100000   
0000011100100000   1111111110000000   0111111111000000   
0000011100100000   1000000001000000   1000000010000000   
0000011011000000   1000000000100000   1111111111100000   
0000011001100000   1111110100000000   0111110101100000   
0000011001100000   1000000001100000   1000000001100000   
0000010101000000   0111111101000000   1111111110100000   
0000011000000000   0000000001100000   1000000100100000   
0000010000100000   0111111000100000   0111111011100000   
0000010100000000   0111111111000000   0000000110100000   
0000010010000000   0000000100000000   1000000101100000   
0000010010000000   1000000101100000   1000000001100000   
0000001010100000   0111110011100000   1111110100100000   
0000010000100000   1111111010100000   1000000111000000   
0000010100000000   1000001111000000   1000010000000000   
0000001110100000   0111110110000000   1111111011100000   
0000010110100000   0000000011100000   1000000100100000   
0000001101000000   0111111011000000   0111110111100000   
0000010001000000   1000000100100000   0000000101000000   
0000001100100000   0000000000100000   0111111100000000   
0000001100000000   0111110110100000   0111110111000000   
0000001100100000   1000000001100000   0000000001000000   
0000001011000000   1111111111100000   0111111111100000   
0000001101000000   1000000001100000   1000000010000000   
0000001011100000   0111111111000000   1111111111000000   
0000001101000000   0000000000100000   1000000001100000   
0000001100100000   1000000000100000   1000000000100000   
0000001101000000   1000000001000000   0000000000100000   
0000001100000000   1111111110100000   0111111110100000   
0000001110100000   1000000001000000   1000000010100000   
0000010010100000   1000001000000000   0000000101100000   
0000010011100000   1111111111100000   0111111110100000   
0000011011000000   1000000110000000   1000000010100000   
0000011010000000   1000000001100000   1111111011100000   
0000011110100000   0000000011000000   1000000000000000   
0000011111000000   1000000000100000   0111111101100000   
0000100001100000   1000001010000000   0000000111100000   
0000100001100000   1111111101100000   0111111101100000   
0000100101000000   1000000001000000   1000000000100000   
0000100011000000   0111111110100000   1111111101100000   
0000100111100000   0000000101000000   1000000011100000   
0000100110000000   1000000010000000   0111111101000000   
0000101000000000   0111111111000000   1111111101000000   
0000101000000000   1111111101000000   0111111110000000   
0000110100000000   1000010001100000   1000001101000000   
0000101100100000   1000000101100000   1111110100000000   
0000100101000000   1111100110000000   0111100111000000   
0000101011000000   1000001101000000   1000000111000000   
0000011110000000   0111111010000000   1111111010000000   
0000101001100000   0000000101100000   1000001011100000   
0000100010000000   0111110111000000   0111111000000000   
0000100111100000   0111111101100000   0000000110100000   
0000101001000000   0000011100000000   1000011010100000   
0000100110100000   0111111001100000   0111111100000000   
0000101100000000   1000000001100000   0000000010000000   
0000100110000000   1111111100000000   0111111010100000   
0000101010000000   1000000010100000   1000000010100000   
0000100101000000   0111111101100000   1111111011000000   
0000100101100000   1111111101000000   0111111110000000   
0000100100000000   0111111100100000   0111111111100000   
0000100110100000   1000000101000000   0000000101100000   
0000100010100000   0000000001100000   0111111100100000   
0000011110000000   0111110101000000   0111110110100000   
0000100000000000   1000000101100000   0000000011100000   
0000011010100000   1111111110000000   0111111110000000   
0000100000100000   1000000100000000   1000000110000000   
0000011100100000   0111111010000000   1111111010000000   
0000100001000000   1111111110100000   1000000100100000   
0000100011100000   1000011011000000   1000011000100000   
0000100001100000   0111111001100000   1111111011100000   
0000100111000000   0000000001000000   1000000001100000   
0000011111100000   0111111010000000   0111111001000000   
0000100001100000   0111111111000000   0000000001000000   
0000011011100000   1111111011000000   0111111100000000   
0000011100100000   1000000000000000   1000000010000000   
0000011001000000   0111111110100000   1111111110100000   
0000011010100000   0000000001100000   1000000001100000   
0000011010000000   1000000001000000   0111111111100000   
0000011010000000   0111111111000000   1111111110100000   
0000011010100000   0000000000100000   1000000000000000   
0000011010000000   0111111111100000   0111111111100000   
0000011010100000   1000000000000000   0000000000100000   
0000100010100000   0000010000100000   1000001100100000   
0000011111000000   1000001001000000   0111111000100000   
0000010101000000   0110001111100000   1110011001100000   
0000011101100000   0000011011000000   1000010010100000   
0000000000100000   0111110101100000   0111110110100000   
0000011100000000   1000010010000000   0000011100100000   
0000001010000000   1111111000100000   0111111000100000   
0000011100000000   1000001010100000   1000010010000000   
0000010000100000   0111111011100000   1111111100000000   
0000011011000000   0000000110100000   1000001011000000   
0000010011100000   0111111100100000   0111111101000000   
0000011010100000   1000000100000000   0000000111100000   
0000010110100000   1111111111100000   0111111111100000   
0000011010100000   1000001000000000   1000000100000000   
0000001111100000   0111111001000000   1111111010100000   
0000011000000000   0000000011000000   1000001010000000   
0000010101000000   1000000001000000   1000000001000000   
0000011000100000   1000000100100000   0000000011100000   
0000010111000000   1111100100000000   0111100101100000   
0000011011000000   1000001001100000   1000000101100000   
0000010100100000   0111111111000000   1111111101100000   
0000011110000000   0000000111000000   1000001000000000   
0000011010000000   0111111110100000   0111111101000000   
0000100000100000   1000000011100000   0000000101000000   
0000011110000000   1111111111100000   0111111111000000   
0000100001100000   1000000010100000   1000000011000000   
0000100000000000   0111111111100000   1111111111000000   
0000100001000000   0000000000000000   1000000000100000   
0000011101000000   0111111010100000   0111111100100000   
0000011110000000   1000000100000000   0000000011000000   
0000010110000000   1111111011000000   0111111101000000   
0000011010000000   1000000001000000   1000000110000000   
0000011000000000   1000000001000000   0000000001100000   
0000011001100000   0000000011000000   1000000010000000   
0000010001100000   0111000011000000   0111001011000000   
0000010101100000   1000010000000000   0000001100000000   
0000000100100000   1111111011000000   0111111011100000   
0000010100100000   1000001011100000   1000010000100000   
0000001000000000   0111111000000000   1111111000100000   
0000010011000000   0000000011100000   1000001011100000   
0000001110100000   1000000011000000   1000000011100000   
0000010001100000   1000000110100000   0000000011100000   
0000001001000000   1111110011100000   0111110100100000   
0000001110100000   0111111010000000   1000000110100000   
0000010011100000   1000010001000000   0000010001100000   
0000001100100000   1111110010100000   0111111001100000   
0000011010000000   1000000111000000   1000000111000000   
0000001100000000   0111111001000000   1111110010000000   
0000010100000000   0000001001000000   1000001000100000   
0000001101000000   1000000001100000   0111111000100000   
0000001011100000   0111101000000000   1111101001100000   
0000001110000000   0000000110100000   1000000100000000   
0000001001100000   0111111111100000   0111111110100000   
0000010000000000   1000000101000000   0000000101100000   
0000001110000000   0000000000000000   0111111110100000   
0000010010100000   1000000011000000   1000000011000000   
0000010000100000   0111111110100000   1111111110000000   
0000010010000000   1111111111100000   1000000001000000   
0000001111100000   0111111101100000   0111111111000000   
0000001111100000   0111111111000000   0000000001100000   
0000010011100000   0000001000000000   1000000110100000   
0000010010000000   0111111011100000   0111111101000000   
0000011000100000   1000000011100000   0000000010100000   
0000010100000000   1111111110000000   0111111010100000   
0000010111000000   1000000010100000   1000000010000000   
0000010110000000   1000000001000000   1111111110100000   
0000011000000000   0000000101100000   1000000011100000   
0000011000100000   0111111111000000   0111111110100000   
0000011001100000   0111111111100000   1111111111100000   
0000011000100000   1111111110100000   0111111111000000   
0000010100000000   0111111001000000   0111111100000000   
0000010011100000   0111111011100000   0000000010100000   
0000010110000000   0000001000100000   1000001001100000   
0000010001100000   1000000101000000   0111111100100000   
0000001010100000   0111101111100000   1111110000100000   
0000001111100000   1111110101100000   1000000110000000   
0000011010000000   1000011011000000   1000011011000000   
0000001111000000   0111101010000000   1111110101000000   
0000100101000000   0000001011000000   1000001011000000   
0000001110100000   0111110100100000   0111101001100000   
0000011001000000   1000001010000000   0000001010100000   
0000001101100000   1111111111000000   0111110101000000   
0000001101100000   0111111010000000   0111111010000000   
0000001101000000   0111111111000000   1111111111100000   
0000001101000000   1111111111100000   1000000000000000   
0000001100000000   0111111111000000   0111111111100000   
0000001011000000   0111111110100000   1111111111100000   
0000001010100000   1111111111000000   1000000000100000   
0000001011100000   1000000010100000   1000000010100000   
0000001010000000   1000000001000000   1111111110100000   
0000001010000000   1111111110000000   0111111101100000   
0000001010100000   0111111110000000   1000000000000000   
0000001110100000   1000000111000000   0000000110000000   
0000001110100000   1111111111000000   0111111111000000   
0000010010100000   1000000011000000   1000000001100000   
0000010001000000   1000000000000000   1111111101000000   
0000010001000000   1111111101000000   0111111101000000   
0000010000100000   0111111100100000   0111111111100000   
0000010011000000   1000100000000000   0000011101100000   
0000001111100000   1111110110100000   0111111010000000   
0000011000000000   1000000010100000   1000000011000000   
0000001111100000   0111111010100000   1111111000000000   
0000010110000000   0000000100100000   1000000100000000   
0000010000100000   0111111110100000   0111111010000000   
0000010011000000   0111111110100000   1111111110000000   
0000010001000000   1111111100000000   0111111101100000   
0000010111000000   1000001000100000   1000000111100000   
0000010010100000   1000000011000000   1111111010100000   
0000010000100000   1111110110000000   0111110101100000   
0000010011100000   1000000101100000   1000000010100000   
0000001111000000   0111111110000000   1111111101100000   
0000010101000000   0000000011100000   1000000101100000   
0000010011100000   0111111111000000   0111111110000000   
0000010111000000   1000000001100000   0000000010100000   
0000010111100000   1111111110000000   0111111101100000   
0000011000000000   1000000000100000   1000000000000000   
0000010111100000   0111111111100000   1111111111100000   
0000011001000000   0000000001000000   1000000001100000   
0000011010000000   1000000010100000   1000000001100000   
0000011010100000   1000000010000000   1111111111100000   
0000011001100000   1111111101000000   0111111100100000   
0000011011000000   0111111110000000   1000000001000000   
0000011101000000   1000000101000000   0000000101000000   
0000011010100000   0000000010100000   0111111101100000   
0000010111000000   0111110111000000   0111110111100000   
0000011010000000   1000000110100000   0000000011100000   
0000010010100000   1111111100000000   0111111100100000   
0000011001100000   1000000011100000   1000000111100000   
0000011001000000   1000000011000000   0000000001100000   
0000011100100000   0000000101000000   1000000010000000   
0000011001100000   0111010111000000   0111011010000000   
0000011110000000   1000001100000000   0000000111100000   
0000010010000000   1111111011100000   0111111011100000   
0000011110100000   1000001000000000   1000001100100000   
0000010110100000   0111111100100000   1111111100100000   
0000011110100000   0000000100100000   1000001000000000   
0000011010000000   0111111111000000   0111111111000000   
0000011111100000   1000000100100000   0000000101100000   
0000011101000000   1111111111100000   0111111110100000   
0000100001000000   1000000010100000   1000000011000000   
0000011110100000   0111111110000000   1111111110000000   
0000100001000000   0000000101000000   1000000010100000   
0000011101000000   0111111110100000   0111111110000000   
0000100010000000   1000000011000000   0000000100100000   
0000011111000000   1111111011100000   0111111011100000   
0000100010100000   0111111111000000   1000000011100000   
0000100001100000   1000000010100000   0000000011100000   
0000100000100000   1111111111000000   1000000000000000   
0000011111100000   0111111111000000   1000000000000000   
0000011111000000   0111111111100000   0000000000100000   
0000011110100000   0000000000000000   1000000000100000   
0000011110000000   1000000000000000   1000000000000000   
0000100000000000   1000000011000000   0000000010000000   
0000011111000000   0000000001000000   0111111110000000   
0000101001000000   1000001100100000   1000000111000000   
0000100101100000   1000000011100000   1111110111000000   
0000100011000000   1111110001100000   0111110001000000   
0000100110100000   1000000110100000   1000000011000000   
0000100000000000   0111111100100000   1111111100100000   
0000100111000000   0000000011100000   1000000111000000   
0000100011100000   0111111100100000   0111111100100000   
0000100111000000   1000000000000000   0000000011100000   
0000101000000000   0000001001100000   1000001000100000   
0000100111000000   0111111101000000   0111111110000000   
0000101000000000   0111111111000000   0000000000000000   
0000100101000000   1111111101000000   0111111110000000   
0000100111000000   1000000010100000   1000000011000000   
0000100100100000   1000000000100000   1111111110000000   
0000100100000000   1111111101000000   0111111101000000   
0000100100000000   0111111101000000   1000000000000000   
0000100110000000   1000000100100000   0000000101000000   
0000100010100000   0000000001100000   0111111101000000   
0000100001000000   0111111010000000   0111111010000000   
0000100011100000   1000000101000000   0000000010100000   
0000100001100000   0000000000100000   0111111111000000   
0000100111000000   1000000100100000   1000000100000000   
0000100100100000   0111111010100000   1111111001100000   
0000101000000000   1111111101000000   1000000010100000   
0000101100000000   1000101001100000   1000100101100000   
0000100111100000   0111110011000000   1111110111100000   
0000110001100000   0000000001100000   1000000011000000   
0000100101100000   0111110111000000   0111110101100000   
0000101100100000   1000000100100000   0000000101100000   
0000100011000000   1111111100000000   0111110111100000   
0000100110000000   0111111110000000   0111111110100000   
0000100100000000   0111111100100000   1111111110100000   
0000101010100000   0000001010000000   1000001000100000   
0000100110000000   1000000100000000   0111111010000000   
0000100010000000   0111110010000000   1111110010000000   
0000100110000000   0000001000000000   1000000100000000   
0000011110000000   0111111100000000   0111111100000000   
0000100110000000   1000000100000000   0000001000000000   
0000100100000000   0000000000000000   0111111111000000   
0000100110100000   1000000001100000   1000000001100000   
0000100100000000   0111101011000000   1111101101100000   
0000100101100000   0000000101100000   1000000100000000   
0000011111000000   0111111101100000   0111111110000000   
0000100100000000   1000000011000000   0000000101100000   
0000011111000000   1111111100100000   0111111101100000   
0000100001100000   1000000000000000   1000000011100000   
0000011110100000   0111111111000000   0000000000100000   
0000011110100000   0000000000100000   1000000001100000   
0000011011000000   0111111100000000   0111111101100000   
0000011011100000   0111111110000000   0000000010000000   
0000011010100000   0000000001100000   1000000011000000   
0000011000100000   0111111101100000   0111111111100000   
0000010111000000   0111111110000000   0000000000000000   
0000010101000000   1111111110000000   1000000000000000   
0000010100000000   1000000000000000   1000000001100000   
0000010010000000   0111111111100000   1111111111100000   
0000001111100000   1111110011000000   0111110101100000   
0000001111100000   1000000010100000   1000000010100000   
0000001011000000   0111111110000000   1111111111000000   
0000001110100000   0000000010100000   1000000100100000   
0000001100000000   0111111111100000   0111111111100000   
0000001111000000   1000000010100000   0000000011000000   
0000001110100000   0000000001000000   1000000000000000   
0000010001000000   1000000010100000   1000000001100000   
0000010000100000   0111111111100000   1111111110100000   
0000010100000000   0000000010000000   1000000010100000   
0000011001000000   1000001001000000   1000000101100000   
0000011010000000   0111111110100000   1111111101100000   
0000011110100000   0000000010000000   1000000000100000   
0000011101000000   0111111111000000   0111111101000000   
0000100000000000   1000000100000000   0000000011000000   
0000011110000000   0000000001000000   0111111101000000   
0000100001000000   1000001010000000   1000000111000000   
0000011111100000   0111111010000000   1111111011100000   
0000100011100000   1111111111100000   1000000000100000   
0000011101100000   0111111010100000   0111111011000000   
0000011111000000   1000000000000000   0000000010000000   
0000011010100000   1111111101100000   0111111101100000   
0000011011000000   0111111111100000   1000000000100000   
0000011001100000   0111111111000000   1111111111100000   
0000011101100000   0000000110000000   1000000100100000   
0000011101100000   1000000100100000   0111111110100000   
0000011100000000   0111111010000000   1111111000100000   
0000100000100000   0000000111100000   1000000011000000   
0000010001000000   0111110011100000   0111110111100000   
0000011101000000   1000000011100000   0000010000000000   
0000011011100000   0000001001100000   1000001000100000   
0000011110000000   1000001011000000   1000000001100000   
0000010010000000   0110000010100000   1110001110100000   
0000011110000000   0000100100000000   1000011000000000   
1111111010000000   0111110100000000   0111110100000000   
0000011111000000   1000011001000000   0000100101000000   
0000000111000000   1111110100100000   0111110100000000   
0000100000000000   1000001101000000   1000011000100000   
0000010100000000   1000000000000000   1111111111100000   
0000100000100000   0000001100000000   1000001100000000   
0000010010100000   0111110001000000   0111110010000000   
0000011110100000   0111111110000000   0000001101000000   
0000011101100000   0000001100100000   1000001110000000   
0000011100000000   0111111110100000   1000000000000000   
0000011100100000   1000000000100000   0000000001000000   
0000011011000000   1111111111100000   0111111111000000   
0000011010100000   0111111110100000   0111111111000000   
0000011010100000   0111111111000000   0000000000100000   
0000011111100000   0000100011100000   1000011110100000   
0000100000000000   0111111100000000   0111111011100000   
0000101000000000   1000000011100000   0000000001100000   
0000100010000000   1111111011100000   0111111000000000   
0000101001100000   1000000101100000   1000000100000000   
0000100100000000   0111111110100000   1111111001000000   
0000100101100000   1111111100000000   0111111100000000   
0000100101000000   0111111011100000   0111111111100000   
0000101001100000   1000001000100000   0000001000100000   
0000100101000000   0000000100000000   0111111011100000   
0000100000000000   0111110010000000   0111110010100000   
0000100100100000   1000001001100000   0000000101000000   
0000011011000000   1111111011100000   0111111011100000   
0000100101000000   1000000101100000   1000001010000000   
0000100001100000   0111111101100000   1111111100100000   
0000100110000000   0000000001000000   1000000011100000   
0000100111000000   1000000100100000   1000000011100000   
0000100111100000   1000000000000000   1111111111100000   
0000100111100000   1111111111100000   0111111111100000   
0000100111000000   0111111111000000   0111111111100000   
0000100110000000   0111111110100000   1111111111100000   
0000100101000000   1111111110100000   1000000000000000   
0000100100100000   1000000000000000   1000000001000000   
0000100100000000   1000000000100000   0000000000100000   
0000100011100000   1111111111100000   0111111111100000   
0000100100100000   1000000000100000   1000000001000000   
0000100011000000   0111111110100000   1111111111000000   
0000100100000000   0000000010100000   1000000001100000   
0000011110100000   0111111100000000   0111111101100000   
0000100001100000   1000000000100000   0000000100100000   
0000011111000000   1111111111000000   1000000000000000   
0000011111000000   1000000000000000   1000000001000000   
0000011100000000   0111101111000000   1111110010000000   
0000011100100000   0000000100000000   1000000011100000   
0000010111100000   0111111110100000   0111111111000000   
0000011011100000   1000000011000000   0000000100100000   
0000010110100000   1111111011100000   0111111100100000   
0000011001100000   0111111111100000   1000000100000000   
0000010111000000   1000000000100000   0000000010000000   
0000010111000000   0000000010000000   1000000001100000   
0000010101000000   0111111101100000   0111111101100000   
0000010110100000   0111111111000000   0000000001100000   
0000010110100000   0000000010000000   1000000010100000   
0000010101000000   0111111101100000   0111111111000000   
0000010100100000   0111111110100000   0000000000000000   
0000010011000000   1111111110100000   1000000000000000   
0000010101100000   1000000110100000   1000000110000000   
0000010100000000   1000000100100000   1111111110000000   
0000010000100000   1111010010100000   0111010110000000   
0000010100100000   1000001011100000   1000000111100000   
0000001001000000   0111111100000000   1111111100000000   
0000010011100000   0000000110100000   1000001010100000   
0000001100000000   0111111100000000   0111111100100000   
0000010010000000   1000000010100000   0000000110100000   
0000001101100000   1111111110100000   0111111111100000   
0000010000100000   1000000010100000   1000000100000000   
0000001101000000   0111111101100000   1111111110000000   
0000001111100000   0000000000100000   1000000011000000   
0000001111000000   1000000010000000   1000000010000000   
0000001111100000   1000000001000000   0000000000100000   
0000010000100000   0000000001100000   1000000000100000   
0000010000000000   1000000000000000   0111111110100000   
0000010000000000   0111111110100000   1111111110100000   
0000010000000000   1111111110100000   1000000000000000   
0000010100100000   1000100010100000   1000011110000000   
0000010010000000   0111110110100000   1111111001000000   
0000011100100000   0000000011100000   1000000011000000   
0000010011100000   0111111010000000   0111110110100000   
0000011001100000   1000000010100000   0000000010100000   
0000010011100000   1111111100100000   0111111010000000   
0000010110000000   0111111111100000   1000000000000000   
0000010010000000   0111111100000000   1111111100100000   
0000010100000000   0000000001100000   1000000010100000   
0000001111000000   0111111101100000   0111111100000000   
0000001101100000   0111111011000000   1111111101000000   
0000001100000000   1111111111000000   1000000000100000   
0000001011000000   0111111111100000   1000000000100000   
0000001011000000   1000000000100000   0000000001000000   
0000001011100000   0000000001100000   1000000001000000   
0000001011100000   1000000001000000   0111111111100000   
0000001010100000   0111110100100000   1111110101100000   
0000001011000000   0000000010000000   1000000001100000   
0000001001000000   0111111111100000   0111111111100000   
0000001010100000   1000000001000000   0000000001100000   
0000001011100000   0000000010100000   1000000001100000   
0000001101000000   1000000011000000   1000000000100000   
0000001100000000   0111111101100000   1111111100100000   
0000001111100000   0000000000000000   1000000010100000   
0000010010100000   1000000111000000   1000000101100000   
0000010010100000   1000000101100000   1111111110100000   
0000010000000000   1111111000000000   0111110110100000   
0000010101100000   1000001001100000   1000000100000000   
0000001111000000   0111111101100000   1111111100000000   
0000011001000000   0000000110000000   1000001000100000   
0000010101000000   0111111010100000   0111111001100000   
0000011010000000   0111111110100000   0000000100000000   
0000011101100000   0000100000100000   1000011101000000   
0000011100100000   0111111010100000   0111111011100000   
0000100110000000   1000000101000000   0000000011000000   
0000011110100000   1111111011100000   0111110110100000   
0001001001000000   1000111000100000   1000100101100000   
0000110010100000   1000001111000000   1111010110100000   
0000100010100000   1110110111000000   0110110111100000   
0000110001000000   0111000110000000   1000001111000000   
0001101000000000   1001111110100000   0010000000000000   
0000101101100000   0001000101100000   0111000111000000   
1111100100000000   0100110110000000   0100111000000000   
0000101001000000   0010001100000000   0001000111000000   
1110011001000000   1110110111000000   1110111001000000   
0000100101000000   0001000101000000   0010001110000000   
1111011100000000   1110110111000000   1110111001000000   
0000100001000000   1111111110000000   0001000111000000   
0000100000000000   0001001011000000   0001001100000000   
0000011110000000   1111111101000000   1111111111000000   
0000011111000000   0000000000000000   0000000001000000   
0000011100100000   1111111110100000   1111111110100000   
0000011111000000   0000000011000000   0000000010100000   
0000011101100000   0000000001000000   1111111110000000   
0000011101100000   1111111101100000   1111111101000000   
0000011110000000   1111111101100000   0000000000000000   
0000100001100000   0000000110100000   0000000110000000   
0000011110000000   0000000010100000   1111111100000000   
0000011001100000   1111110100000000   1111110101000000   
0000011100100000   0000000111000000   0000000100000000   
0000010011100000   1111111011000000   1111111100000000   
0000011011000000   0000000011100000   0000001000100000   
0000010111100000   1111111110000000   1111111110000000   
0000011010100000   0000000001000000   0000000011000000   
0000011011100000   0000000100000000   0000000011000000   
0000011110000000   0000000100000000   0000000001100000   
0000011101000000   0000000000100000   1111111111000000   
0000011111100000   0000000001100000   0000000001000000   
0000011011000000   1111111001100000   1111111011000000   
0000011100000000   1111111100000000   0000000010100000   
0000011101000000   0000000110000000   0000000111100000   
0000011010100000   0000000101000000   1111111111000000   
0000010010100000   1111110000100000   1111110010000000   
0000011010100000   1111111010000000   0000001001100000   
0000100101100000   0000011101000000   0000011010100000   
0000011110000000   1111101110100000   1111110110000000   
0000110001100000   0000001001100000   0000001000100000   
0000011111100000   1111110110100000   1111101101000000   
0000101010000000   0000001011100000   0000001011000000   
0000100001000000   0000000010000000   1111110110100000   
0000100010000000   1111110010100000   1111110001100000   
0000100011000000   0000000001000000   0000000000000000   
0000100100000000   0000000001000000   0000000000000000   
0000100100100000   0000000000100000   1111111111100000   
0000100010000000   1111111011100000   1111111100100000   
0000100001100000   1111111100000000   0000000000100000   
0000100001100000   0000000010100000   0000000100100000   
0000100001100000   0000000100100000   0000000010000000   
0000100100000000   0000000011100000   0000000000000000   
0000100111100000   0000000011100000   0000000000000000   
0000100110000000   1111111100000000   1111111011000000   
0000101000100000   0000000100000000   0000000001100000   
0000100101100000   1111111110100000   1111111110000000   
0000101001100000   0000000010000000   0000000011100000   
0000100111100000   1111111101100000   1111111101100000   
0000101010000000   0000000000000000   0000000010100000   
0000101011000000   0000001000100000   0000000111100000   
0000101011000000   1111111111000000   1111111111000000   
0000101101000000   0000000001000000   0000000000100000   
0000101101000000   0000000000100000   1111111111100000   
0000101010100000   1111111011100000   1111111100100000   
0000101010000000   1111111100000000   0000000000100000   
0000101100000000   0000000101100000   0000000110100000   
0000101001000000   0000000011100000   1111111110000000   
0000101000100000   1111111011100000   1111111010000000   
0000101100000000   1111111101100000   0000000010000000   
0000101111100000   0000001000100000   0000001000000000   
0000101100100000   1111111001100000   1111111100100000   
0000110011000000   0000000011000000   0000000011000000   
0000101101100000   1111111101100000   1111111010100000   
0000110011000000   0000001000000000   0000000110100000   
0000110000000000   0000000011100000   1111111011100000   
0000101101100000   1111011011000000   1111011101100000   
0000110000100000   0000001000100000   0000000101100000   
0000100110000000   1111111011000000   1111111100000000   
0000101111100000   0000000101100000   0000001010100000   
0000101100000000   0000000010100000   0000000001100000   
0000110001000000   0000000110100000   0000000100000000   
0000101001100000   1111110101100000   1111110110000000   
0000110000100000   1111111101000000   0000000111100000   
0000110100100000   0000001111000000   0000001110100000   
0000110010000000   0000001100000000   1111111101000000   
0000101000000000   1111101000000000   1111100111000000   
0000110101000000   0000011001000000   0000001100000000   
0000011101000000   1111110100000000   1111110011100000   
0000110110000000   0000001100100000   0000011000100000   
0000101001100000   1111110011000000   1111110011000000   
0000110110000000   1111111111100000   0000001100100000   
0000110101100000   0000001100000000   0000001100100000   
0000110100000000   1111111101100000   1111111111000000   
0000110110100000   0000000001100000   0000000001100000   
0000110101000000   0000000000000000   1111111110100000   
0000110101000000   1111111110100000   1111111110100000   
0000110100100000   1111111110000000   1111111111100000   
0000110101100000   0000000010000000   0000000010100000   
0000101111000000   1111111100000000   1111111010000000   
0000110010000000   0000000000100000   0000000001000000   
0000110000000000   1111111111000000   1111111110100000   
0000110111000000   0000001001100000   0000000110100000   
0000110111100000   1111111110000000   1111111101100000   
0001000011100000   0000001001100000   0000000100100000   
0001000001000000   0000000010000000   1111111000100000   
0001000110000000   0000000000100000   1111111101000000   
0001000100100000   1111111011100000   1111111011000000   
0001001110000000   0001001010100000   0001000001000000   
0001000111000000   1111101000100000   1111101111100000   
0001100000100000   0000001001000000   0000001000000000   
0001001010000000   1111110001100000   1111101000100000   
0001011101100000   0000001101000000   0000001010100000   
0001001101100000   1111111010100000   1111101101100000   
0001010010000000   1111110111000000   1111110111100000   
0001001101000000   1111110010100000   1111111011100000   
0001011001100000   0000010101000000   0000010101100000   
0001001101000000   0000001001000000   1111110100000000   
0001000010000000   1111011111000000   1111100000000000   
0001001100000000   0000010101000000   0000001011000000   
0000101111000000   1111101110000000   1111110010000000   
0001000101000000   0000001000000000   0000011010000000   
0000111001000000   1111111010000000   1111111100000000   
0001000010100000   0000000101100000   0000001011100000   
0000111110000000   1111010101000000   1111011001100000   
0001000010100000   0000001101100000   0000001001000000   
0000110011000000   1111111001100000   1111111010100000   
0001000000100000   0000001000000000   0000001110100000   
0000110101100000   1111111010000000   1111111011100000   
0000111100100000   0000000010100000   0000001000100000   
0000110110000000   1111111101100000   1111111111100000   
0000111000100000   0000000010000000   0000000100100000   
0000110001100000   1111111001000000   1111111011100000   
0000110100000000   1111111110000000   0000000101000000   
0000110001000000   0000000001100000   0000000100000000   
0000101111000000   1111111110100000   0000000000100000   
0000101011100000   1111111101000000   1111111111100000   
0000101010000000   1111111110000000   0000000001000000   
0000101000000000   1111111111000000   0000000001000000   
0000100110000000   1111111111000000   0000000000000000   
0000100100000000   1111111001000000   1111111011000000   
0000100010100000   1111111111000000   0000000000100000   
0000100000100000   1111111110100000   0000000000000000   
0000100001000000   0000000000100000   0000000010000000   
0000011010100000   1111111000000000   1111111011000000   
0000011101000000   1111111101100000   0000000101100000   
0000011100100000   0000000110000000   0000000111100000   
0000011010000000   0000000101000000   1111111111000000   
0000010001000000   1111101111000000   1111110001000000   
0000010110100000   1111110110100000   0000000111100000   
0000011101000000   0000010110000000   0000010111100000   
0000010011100000   1111101110100000   1111111000000000   
0000100011000000   0000000111100000   0000001000100000   
0000010010000000   1111110111100000   1111110000000000   
0000011010100000   0000001001100000   0000001001100000   
0000010010000000   0000000001000000   1111110111100000   
0000010001000000   1111101100100000   1111101101100000   
0000010011000000   0000000101000000   0000000011000000   
0000001111000000   1111111111000000   1111111110100000   
0000010011100000   0000000011000000   0000000100000000   
0000010001100000   1111111111100000   1111111111000000   
0000010100000000   0000000001100000   0000000010000000   
0000010010100000   1111111111000000   1111111111000000   
0000010100000000   0000000000100000   0000000001100000   
0000010011100000   0000000000100000   0000000000100000   
0000010100000000   0000000001000000   0000000000100000   
0000010011000000   1111111110100000   1111111110100000   
0000010100000000   0000000010000000   0000000001000000   
0000010010000000   1111111111000000   1111111111000000   
0000010100000000   0000000001000000   0000000010000000   
0000010011000000   1111111111000000   1111111111000000   
0000010100000000   0000000000000000   0000000001000000   
0000010100000000   0000000001000000   0000000001000000   
0000010100000000   0000000000000000   0000000000000000   
0000010100000000   0000000000000000   0000000000000000   
0000010100000000   0000000000000000   0000000000000000   
0000010100000000   0000000000000000   0000000000000000   
0000010100000000   0000000000000000   0000000000000000   
0000010100000000   0000000000000000   0000000000000000   
0000010100000000   0000000000000000   0000000000000000   
0000010100000000   0000000000000000   0000000000000000   
0000010100000000   0000000000000000   0000000000000000   
0000010100000000   0000000000000000   0000000000000000   
0000010100000000   0000000000000000   0000000000000000   
0000010100000000   0000000000000000   0000000000000000   
0000010100000000   0000000000000000   0000000000000000   
0000010100000000   0000000000000000   0000000000000000   
0000010100000000   0000000000000000   0000000000000000   
0000010100000000   0000000000000000   0000000000000000   
0000010100000000   0000000000000000   0000000000000000   
0000010100000000   0000000000000000   0000000000000000   
0000010100000000   0000000000000000   0000000000000000   
0000010100000000   0000000000000000   0000000000000000   
0000010100000000   0000000000000000   0000000000000000   
0000010100000000   0000000000000000   0000000000000000   
0000010100000000   0000000000000000   0000000000000000   
0000010100000000   0000000000000000   0000000000000000   
0000010100000000   0000000000000000   0000000000000000   
0000010100000000   0000000000000000   0000000000000000   
0000010100000000   0000000000000000   0000000000000000   
0000010100000000   0000000000000000   0000000000000000   
0000100101100000   0000010001100000   0000010001100000   
0000010101000000   1111011111000000   1111011110100000   
0000100111000000   1111110000100000   0000010001100000   
0000111000100000   0011001000000000   0010110110100000   
0000101000100000   1111001110100000   1111011110100000   
0001011011000000   0000010001000000   0000010000100000   
0000101001000000   1111011110100000   1111001101100000   
0001001011100000   0000010010000000   0000010001100000   
0000101001100000   1111101111100000   1111011101100000   
0000111010000000   1111111110100000   1111111110100000   
0000101010000000   1111101110100000   1111110000000000   
0000111010100000   0000010001100000   0000010010000000   
0000101000100000   0000000000000000   1111101110100000   
0000100110100000   1111101011100000   1111101100100000   
0000100111100000   0000000011000000   0000000010000000   
0000100000100000   1111111011000000   1111111101000000   
0000100101100000   0000000010000000   0000000111000000   
0000100011100000   0000000001000000   0000000001000000   
0000100110100000   0000000100000000   0000000011000000   
0000100011100000   1111011101000000   1111100000000000   
0000100111100000   0000001011000000   0000000111000000   
0000011111100000   1111111111000000   1111111101100000   
0000101001100000   0000000111100000   0000001000100000   
0000100011000000   1111111011000000   1111111010100000   
0000101011000000   0000000010100000   0000000111100000   
0000101011100000   0000000111000000   0000000101100000   
0000101101100000   0000000111100000   0000000000100000   
0000100111000000   1111110011000000   1111110010100000   
0000101110000000   1111111001100000   0000000110100000   
0000110100100000   0000010011100000   0000010011100000   
0000101101100000   1111110010000000   1111111001000000   
0000111010100000   0000000110000000   0000000110100000   
0000101100100000   1111111000100000   1111110010100000   
0000110010000000   0000000101000000   0000000110000000   
0000101010100000   1111111110100000   1111111001100000   
0000101001000000   1111111000000000   1111111001100000   
0000100111100000   1111111110100000   0000000000000000   
0000101000000000   0000000000100000   0000000001000000   
0000100111100000   0000000000100000   0000000000000000   
0000101001000000   0000000010000000   0000000001000000   
0000101011000000   0000000011000000   0000000001000000   
0000110000000000   0000000111000000   0000000011000000   
0000110100000000   0000000111000000   0000000000000000   
0000110110000000   1111111111100000   1111111011000000   
0000111101100000   0000000010100000   0000000011000000   
0001000100000000   0000001011100000   0000000111000000   
0001000110100000   0000000000100000   1111111110000000   
0001001100000000   0000000011100000   0000000000100000   
0001001100000000   0000000000100000   1111111101000000   
0001001101100000   1111111111100000   1111111110100000   
0001001101000000   1111111110000000   1111111110100000   
0001001111000000   0000010100100000   0000010010100000   
0001001101000000   1111111010000000   1111111100000000   
0001010011000000   0000000010000000   0000000010000000   
0001001100100000   1111111011100000   1111111001100000   
0001010000000000   0000000001000000   0000000001100000   
0001001011100000   1111111101000000   1111111100000000   
0001001101100000   0000000000100000   0000000001000000   
0001001010000000   1111111101100000   1111111101000000   
0001001001100000   1111111101100000   1111111111000000   
0001011010000000   0000001111100000   0000010010000000   
0001000110100000   1111101101000000   1111101111000000   
0001010101100000   0000100000000000   0000010001000000   
0000110001100000   1111101101000000   1111101111000000   
0001010000000000   0000001101100000   0000100000100000   
0000110111100000   1111100010000000   1111100111100000   
0001000011100000   1111110011100000   0000010001100000   
0001000010000000   0001000111000000   0001001000100000   
0000110111100000   1111101100100000   1111110111000000   
0001000100000000   0000000011100000   0000000111000000   
0000110011000000   1111110110000000   1111110010100000   
0000111101000000   0000000110100000   0000000110100000   
0000110010100000   1111111100000000   1111110101100000   
0000110101100000   1111111100000000   1111111100100000   
0000110001000000   1111111000000000   1111111100000000   
0000111000000000   0000001010100000   0000001011000000   
0000110000000000   0000000011000000   1111111000100000   
0000101101000000   1111110010100000   1111110010100000   
0000101111000000   0000000100000000   0000000010000000   
0000101100000000   1111111111000000   1111111110100000   
0000101111100000   0000000010000000   0000000011000000   
0000101011100000   1111111001000000   1111111010000000   
0000101100100000   1111111011000000   0000000010000000   
0000101110100000   0000100111000000   0000100101000000   
0000101001100000   1111110100000000   1111111001000000   
0000110111100000   0000000111000000   0000000110000000   
0000101010100000   1111111001000000   1111110010000000   
0000110101100000   0000000110000000   0000000100000000   
0000101100100000   1111111011000000   1111110101000000   
0000101100100000   1111110111100000   1111111010000000   
0000101000000000   1111110101100000   1111111110000000   
0000110011100000   0000010100100000   0000010100000000   
0000101001100000   0000001010000000   1111110101100000   
0000100000100000   1111100011000000   1111100010100000   
0000101001000000   0000010000100000   0000001000000000   
0000010101100000   1111110100100000   1111110110000000   
0000100110000000   0000000110100000   0000010010000000   
0000011100100000   1111111000100000   1111111010000000   
0000100011100000   0000000001000000   0000001000100000   
0000100001100000   1111110111100000   1111111001100000   
0000100010100000   0000000100000000   0000000011000000   
0000011101100000   1111111110000000   1111111110100000   
0000100001100000   0000000010100000   0000000100100000   
0000011111000000   1111111111100000   1111111111100000   
0000100001100000   0000000010000000   0000000010100000   
0000011111100000   1111111110100000   1111111110100000   
0000100001100000   0000000000100000   0000000010000000   
0000100000000000   1111111111100000   0000000000000000   
0000100001000000   0000000001000000   0000000001100000   
0000100010000000   0000000010100000   0000000001100000   
0000100010100000   0000000000000000   1111111111100000   
0000100011100000   0000000000100000   0000000000000000   
0000100011100000   0000000000000000   1111111111100000   
0000100100100000   0000000001100000   0000000001000000   
0000100101000000   0000000001100000   0000000000000000   
0000100100100000   1111110101100000   1111110110000000   
0000100100100000   0000000000100000   0000000000100000   
0000100000000000   1111111100000000   1111111110000000   
0000100001000000   1111111111000000   0000000011000000   
0000100100000000   0000001000000000   0000000111000000   
0000100110000000   0000001001000000   0000000001000000   
0000100010000000   1111110110100000   1111110100000000   
0000101000100000   1111111010100000   0000000100000000   
0000101110000000   0000001111000000   0000001111000000   
0000101010000000   0000001011000000   1111111100000000   
0000100001000000   1111101001000000   1111101000000000   
0000101100000000   0000010101000000   0000001010000000   
0000011001000000   1111110111000000   1111110110000000   
0000101100000000   0000001001000000   0000010010000000   
0000011111000000   1111101111000000   1111110001000000   
0000101000100000   1111111010100000   0000001011100000   
0000101101000000   0001000010000000   0000111101100000   
0000101000000000   1111110001100000   1111110110100000   
0000110111100000   0000000110000000   0000000101100000   
0000101001100000   1111110111100000   1111110001100000   
0000110100000000   0000000101100000   0000000100100000   
0000101011000000   1111111011100000   1111110110000000   
0000110100100000   0000000110100000   0000000100000000   
0000110010100000   0000000010000000   1111111011100000   
0000111000100000   0000000011100000   1111111111100000   
0000111001000000   0000000000000000   1111111100100000   
0000111100000000   0000000001000000   1111111111100000   
0000111011100000   1111111101100000   1111111110000000   
0001000010000000   0000000100100000   0000000010100000   
0000111111100000   0000000000000000   1111111011100000   
0001000001100000   1111111111100000   1111111110100000   
0001000001000000   1111111110000000   1111111110100000   
0001000010000000   0000001110100000   0000001101100000   
0000111110100000   1111111000000000   1111111011100000   
0001000011100000   0000000000100000   0000000010000000   
0000111100100000   1111111011000000   1111111010100000   
0000111111100000   0000000001100000   0000000010100000   
0000111011000000   1111111110000000   1111111100100000   
0000111011000000   1111111101100000   1111111110100000   
0000111010000000   1111111101100000   0000000000000000   
0000111100100000   0000000101000000   0000000101000000   
0000111010000000   0000000010100000   1111111101100000   
0000111000100000   1111111010000000   1111111001100000   
0000111010100000   0000000011100000   0000000001100000   
0000111101000000   0000000100000000   0000000001000000   
0001000000100000   0000000100100000   0000000000100000   
0001000000000000   1111111011000000   1111111001000000   
0001000011000000   1111111100000000   0000000001000000   
0001001000000000   0000110011000000   0000101110000000   
0001000011000000   1111110001000000   1111110110000000   
0001010001000000   0000000100000000   0000000100100000   
0001000010100000   1111110110000000   1111110010000000   
0001001011100000   0000000100100000   0000000101000000   
0001000010000000   1111111011100000   1111110111000000   
0001000101100000   1111111110100000   1111111111000000   
0001000001100000   1111111011000000   1111111100100000   
0001001101100000   0000010001000000   0000001101100000   
0001000101000000   0000000101000000   1111110100000000   
0000111100000000   1111100100000000   1111100110000000   
0001000001100000   0000001101000000   0000000111100000   
0000110110100000   1111111100100000   1111111011100000   
0001000101000000   0000001010000000   0000001101100000   
0000111110000000   1111110101100000   1111110100000000   
0001000110100000   1111111100100000   0000000111000000   
0001001011000000   0000110011100000   0000101111000000   
0001000111100000   1111110100100000   1111111000000000   
0001010101000000   0000000101100000   0000000100100000   
0001001001100000   1111111001000000   1111110011100000   
0001010000100000   0000000001100000   0000000001100000   
0001001001000000   1111111010000000   1111111000100000   
0001010010000000   0000001001000000   0000000111100000   
0001001100100000   0000000010000000   1111111001000000   
0001001100100000   1111111000000000   1111110111000000   
0001001110100000   1111111001000000   0000000001000000   
0001010110100000   0000010000100000   0000010000000000   
0001001111000000   1111110000100000   1111111000000000   
0001100000100000   0000001001100000   0000001000100000   
0001010000100000   1111111000100000   1111101111000000   
0001010111000000   0000000011100000   0000000100000000   
0001010000000000   1111111101000000   1111111001100000   
0001010011000000   0000011010100000   0000010111100000   
0001010001100000   1111111010000000   1111111011100000   
0001100000100000   0000001010100000   0000000110000000   
0001011010000000   1111111111100000   1111110101000000   
0001011101100000   1111111010100000   1111111001000000   
0001011100000000   1111110111100000   1111111101000000   
0001100010100000   0000001011000000   0000001100000000   
0001011001000000   0000000010100000   1111110111100000   
0001010001100000   1111101011000000   1111101101100000   
0001010011100000   1111101111100000   0000000100100000   
0001100010000000   0000100010100000   0000100011100000   
0001010010100000   1111100010000000   1111110001100000   
0001101111100000   0000001110100000   0000001111000000   
0001010000000000   1111101111100000   1111100001000000   
0001011100100000   0000001010100000   0000001100100000   
0001001100100000   1111111100100000   1111110010000000   
0001001101000000   0000000110100000   0000000110000000   
0001001010100000   1111111010100000   1111111101000000   
0001010000000000   0000000010100000   0000000010100000   
0001001010100000   1111111101000000   1111111010100000   
0001001110100000   0000000010000000   0000000001100000   
0001001100000000   1111111111000000   1111111101000000   
0001001110000000   0000000000100000   0000000000000000   
0001001100000000   1111111110000000   1111111101100000   
0001001101000000   0000000000000000   0000000000100000   
0001001010000000   1111111101100000   1111111101100000   
0001000110100000   1111111001100000   1111111100100000   
0001000101000000   0000000000000000   0000000001100000   
0001000100000000   0000000000100000   0000000001000000   
0001000100100000   0000000001100000   0000000001000000   
0001000011000000   1111111100100000   1111111100100000   
0001000011100000   1111111101000000   0000000000100000   
0001000101100000   0000011011100000   0000011001100000   
0001000011000000   1111111001000000   1111111011100000   
0001001000000000   0000000000100000   0000000001100000   
0001000010000000   1111111011100000   1111111011000000   
0001000110100000   0000000100000000   0000000100000000   
0001000010000000   1111111111100000   1111111011100000   
0001000001100000   1111111011000000   1111111011100000   
0001000000000000   1111111010000000   1111111111000000   
0001000010000000   0000000101000000   0000000111000000   
0000111100100000   0000000001100000   1111111100100000   
0000111001000000   1111110110100000   1111110111100000   
0000111010100000   0000000100000000   0000000010100000   
0000110011100000   1111111011100000   1111111101000000   
0000110110100000   0000000000000000   0000000100100000   
0000110000100000   1111111000100000   1111111011100000   
0000110011100000   1111111110100000   0000000110000000   
0000101101000000   1111100110100000   1111101101000000   
0000101111000000   0000001010100000   0000001000100000   
0000100100100000   1111111110000000   1111111110000000   
0000101111000000   0000001000100000   0000001010100000   
0000100101100000   1111111000000000   1111111000100000   
0000101101100000   0000000000100000   0000001000100000   
0000101010000000   0000000011000000   0000000100100000   
0000101010000000   0000000100100000   0000000001100000   
0000100010100000   1111110100000000   1111110101100000   
0000100110100000   1111111001100000   0000000101100000   
0000101000000000   0000001011000000   0000001101100000   
0000100010000000   1111110110100000   1111111100100000   
0000101000100000   0000000011000000   0000000100100000   
0000100001000000   1111111101000000   1111111010000000   
0000100111000000   0000001001000000   0000000111100000   
0000100011100000   0000000100000000   1111111011000000   
0000011111100000   1111001111000000   1111010011000000   
0000100010100000   0000001010000000   0000000111000000   
0000011000100000   1111111101000000   1111111101000000   
0000100100000000   0000001000100000   0000001011100000   
0000100010100000   0000000101000000   0000000001100000   
0000100111100000   0000000110100000   0000000001100000   
0000100001000000   1111110100100000   1111110100100000   
0000100111100000   1111111011000000   0000000110100000   
0000111010100000   0000100101100000   0000011110100000   
0000110010000000   0000010110000000   1111110000100000   
0000100100000000   1111010000100000   1111001100100000   
0000111001000000   0000100110000000   0000010001000000   
0000010100000000   1111101100000000   1111101011100000   
0000111001000000   0000010000100000   0000100100100000   
0000100110100000   1111101111000000   1111110000000000   
0000110110100000   0000000000000000   0000010001000000   
0000110011100000   1111111111000000   0000000010000000   
0000110010100000   0000000001000000   0000000010000000   
0000101110100000   1111111110000000   1111111111100000   
0000110001000000   0000000010000000   0000000100000000   
0000101100000000   1111111011100000   1111111101000000   
0000110000000000   0000000001000000   0000000101100000   
0000110010000000   0000001000000000   0000000110100000   
0000110011100000   0000001000000000   0000000000000000   
0000101110100000   1111110100100000   1111110011000000   
0000110111000000   1111111011100000   0000000111000000   
0000111101100000   0000010011000000   0000010010000000   
0000111000100000   1111110101000000   1111111010000000   
0001000001100000   0000000011000000   0000000100000000   
0000110110000000   1111111000100000   1111110101100000   
0000111001100000   0000000100000000   0000000110000000   
0000110010100000   1111111111000000   1111111011000000   
0000110001100000   1111111010000000   1111111011000000   
0000110000100000   1111111111000000   0000000000000000   
0000110000100000   0000000000000000   0000000000100000   
0000101111100000   1111111111100000   1111111111100000   
0000110000000000   0000000000100000   0000000000100000   
0000110000000000   0000000000100000   0000000000000000   
0000101111100000   1111111111000000   1111111111000000   
0000101111100000   1111111111000000   0000000000000000   
0000110010100000   0000000101000000   0000000100000000   
0000110001100000   0000000011000000   1111111110000000   
0000110000100000   1111111011000000   1111111010000000   
0000110010100000   0000000011000000   0000000001000000   
0000110101100000   0000000100000000   0000000001000000   
0000110110100000   0000000010000000   1111111110000000   
0000110110100000   1111111100000000   1111111011000000   
0000111000000000   1111111100100000   0000000000100000   
0000111010100000   0000100001000000   0000011110100000   
0000110111000000   1111110110100000   1111111010000000   
0001000001100000   0000000100100000   0000000100000000   
0000110111100000   1111111010000000   1111110101100000   
0000111101100000   0000000001100000   0000000001100000   
0000110111000000   1111111011000000   1111111001100000   
0000111100000000   0000000011100000   0000000011100000   
0000110111000000   1111111110100000   1111111011000000   
0000111000100000   1111111110000000   1111111110000000   
0000111000000000   1111111101100000   1111111111100000   
0000111100100000   0000000111100000   0000000110100000   
0000111000000000   1111110110000000   1111111010100000   
0001000010000000   0000000100100000   0000000100100000   
0000111000000000   1111111010100000   1111110110000000   
0000111100100000   0000000100100000   0000000101000000   
0000110111000000   1111111111100000   1111111011000000   
0000110110100000   1111111010100000   1111111011000000   
0000110110100000   0000000000100000   0000000000100000   
0000110100000000   1111111110000000   1111111111000000   
0000110101000000   0000000000000000   0000000010000000   
0000110010000000   1111111101100000   1111111111000000   
0000110010000000   1111111111000000   0000000001100000   
0000110010000000   0000000010000000   0000000010100000   
0000110000100000   0000000001000000   1111111111000000   
0000101101100000   1111111010000000   1111111011000000   
0000101110000000   1111111011100000   0000000001100000   
0000101110100000   0000000100100000   0000000110100000   
0000101010000000   1111111001000000   1111111101100000   
0000101111000000   0000000010100000   0000000011100000   
0000101000100000   1111111101000000   1111111010100000   
0000101110100000   0000001001100000   0000001000000000   
0000101010000000   0000000011100000   1111111010000000   
0000101001100000   1111100101100000   1111100110000000   
0000101011100000   0000000100100000   0000000010100000   
0000100110000000   1111111101000000   1111111101100000   
0000101101000000   0000000100100000   0000000111100000   
0000100110100000   1111111011100000   1111111100100000   
0000101010100000   0000000000100000   0000000101000000   
0000101000000000   0000000001000000   0000000010000000   
0000101000000000   0000000010000000   0000000001000000   
0000100010000000   1111110111000000   1111111001000000   
0000100100100000   1111111011100000   0000000100100000   
0000100101000000   0000000111100000   0000001001100000   
0000100001000000   1111111010000000   1111111110000000   
0000100100000000   0000000001000000   0000000010100000   
0000011110000000   1111111100100000   1111111011100000   
0000011111100000   0000000010000000   0000000011000000   
0000011100000000   1111111111100000   1111111101100000   
0000011010100000   1111110111000000   1111111000100000   
0000011011000000   0000000010100000   0000000010000000   
0000011000100000   1111111111100000   1111111111100000   
0000011010100000   0000000001100000   0000000010000000   
0000011000000000   1111111101100000   1111111110000000   
0000011010000000   0000000000000000   0000000010100000   
0000011010000000   0000000010100000   0000000010100000   
0000011010100000   0000000011000000   0000000000100000   
0000011000100000   1111111100000000   1111111011100000   
0000011010100000   1111111101100000   0000000001100000   
0000011100000000   0000000101000000   0000000101100000   
0000011001100000   1111111011100000   1111111110000000   
0000011101000000   0000000001100000   0000000010000000   
0000011000100000   1111111101100000   1111111100000000   
0000011011000000   0000000011100000   0000000011100000   
0000011000100000   0000000001000000   1111111101100000   
0000010111100000   1111110010100000   1111110011100000   
0000011000100000   0000000011000000   0000000010000000   
0000010110100000   0000000000000000   1111111111100000   
0000011001000000   0000000010000000   0000000010000000   
0000010111000000   1111111110000000   1111111110000000   
0000011001000000   0000000000000000   0000000010000000   
0000011001000000   0000000010000000   0000000010000000   
0000011001000000   0000000010000000   0000000000000000   
0000010111000000   1111111100000000   1111111100000000   
0000011001000000   1111111110000000   0000000010000000   
0000011011000000   0000000110000000   0000000110000000   
0000011000100000   1111111011000000   1111111101100000   
0000011100100000   0000000001100000   0000000010000000   
0000011000000000   1111111101100000   1111111100000000   
0000011010100000   0000000011100000   0000000011100000   
0000011000000000   0000000001000000   1111111101100000   
0000011000000000   1111111000100000   1111111000100000   
0000011000100000   0000000001000000   0000000000100000   
0000011000100000   0000000000100000   0000000000000000   
0000011001100000   0000000001000000   0000000000100000   
0000011010100000   0000000001100000   0000000000100000   
0000011100000000   0000000010000000   0000000000100000   
0000011101000000   0000000001000000   1111111111100000   
0000011110100000   0000000001000000   0000000000000000   
0000100000100000   0000000010100000   0000000001000000   
0000100001000000   0000000001100000   1111111111000000   
0000100001100000   1111111111000000   1111111110000000   
0000100010100000   0000000001000000   0000000000000000   
0000100010100000   0000000000000000   1111111111100000   
0000100100000000   0000000001000000   0000000001000000   
0000100100000000   0000000000000000   1111111111100000   
0000100101000000   0000000000100000   0000000000100000   
0000100101100000   0000000001000000   0000000000100000   
0000100110000000   0000000000100000   0000000000000000   
0000100111100000   0000000001100000   0000000000100000   
0000100110100000   1111111111100000   1111111110000000   
0000100111000000   1111111111000000   1111111111000000   
0000100111000000   1111111111000000   0000000000000000   
0000101010000000   0000000101000000   0000000100000000   
0000101000000000   0000000010000000   1111111101000000   
0000110001000000   0000001001100000   0000000100000000   
0000101110100000   0000000001100000   1111111000000000   
0000101101000000   1111110101000000   1111110101000000   
0000101111000000   0000000100000000   0000000010000000   
0000101100000000   1111111111000000   1111111110100000   
0000110000000000   0000000010100000   0000000011100000   
0000101110100000   1111111110000000   1111111101100000   
0000110001100000   0000000000100000   0000000010100000   
0000110010000000   0000000011000000   0000000010100000   
0000110001100000   1111111110100000   1111111111000000   
0000110100000000   0000000001100000   0000000001000000   
0000110011100000   0000000000100000   1111111111000000   
0000110110000000   0000000010100000   0000000001000000   
0000110110100000   0000000001100000   1111111111000000   
0000110111000000   1111111111000000   1111111110000000   
0000111001000000   0000000000000000   0000000001000000   
0000111011000000   0000000100000000   0000000011000000   
0000111010100000   0000000010100000   1111111110100000   
0000110101000000   1111110101000000   1111110110100000   
0000111000000000   0000000111100000   0000000100100000   
0000101110100000   1111111011000000   1111111100000000   
0000110111100000   0000000101000000   0000001010000000   
0000110101100000   0000000001000000   1111111111100000   
0000111010000000   0000000100000000   0000000011000000   
0000110110000000   1111010111000000   1111011011000000   
0000111001100000   0000001011000000   0000000111100000   
0000110000100000   1111111110100000   1111111101100000   
0000111011100000   0000001000100000   0000001010000000   
0000110101000000   1111111100000000   1111111011000000   
0000111101000000   0000000011000000   0000000111000000   
0000111011000000   0000000010100000   0000000010000000   
0000111101000000   0000000100000000   0000000001100000   
0000111001000000   1111111001100000   1111111001100000   
0000111100000000   1111111100100000   0000000011000000   
0000111111100000   0000001010000000   0000001010000000   
0000111101000000   1111111011000000   1111111101100000   
0001000010000000   0000000010100000   0000000010100000   
0000111100000000   1111111100100000   1111111010000000   
0000111101100000   0000000000100000   0000000001100000   
0000111100000000   0000000000000000   1111111111100000   
0001000000000000   0000010111100000   0000010011100000   
0001000000000000   1111111100000000   1111111100000000   
0001000110000000   0000000010000000   0000000001000000   
0001000001000000   1111111100000000   1111111010000000   
0001000111000000   0000000101000000   0000000100000000   
0001000001100000   1111111110100000   1111111001100000   
0001000000000000   1111111000000000   1111111001100000   
0001000000000000   1111111001100000   0000000001100000   
0001000011100000   0000001010000000   0000001011100000   
0000111101100000   0000000101100000   1111111011100000   
0000110111000000   1111101111000000   1111101111100000   
0000111101000000   0000001100100000   0000000110100000   
0000110000100000   1111111010000000   1111111010000000   
0000111110100000   0000001000000000   0000001110000000   
0000111001100000   1111111100000000   1111111010100000   
0001000000100000   0000000001100000   0000000101100000   
0000111110000000   1111101111000000   1111110001100000   
0001000001000000   0000001000100000   0000000101100000   
0000111001100000   1111111110000000   1111111101100000   
0001000001100000   0000000101100000   0000000111100000   
0000111100000000   1111111100100000   1111111100100000   
0001000001000000   0000000001100000   0000000101000000   
0000111111100000   0000000010000000   0000000010000000   
0001000001000000   0000000011100000   0000000001100000   
0000111101100000   1111111010100000   1111111010100000   
0001000000100000   1111111101100000   0000000011000000   
0001000011000000   0000001000000000   0000001000000000   
0001000001100000   1111111101000000   1111111110100000   
0001000110100000   0000000011100000   0000000010100000   
0001000100000000   0000000000000000   1111111100100000   
0001000101000000   1111111110100000   1111111110000000   
0001000100100000   1111111101100000   1111111111000000   
0001000111000000   0000011010100000   0000011000000000   
0001000100000000   1111110111100000   1111111010100000   
0001001010100000   0000000001000000   0000000010000000   
0001000011000000   1111111010100000   1111111001100000   
0001001000100000   0000000100100000   0000000100100000   
0001000011000000   1111111111000000   1111111010100000   
0001000111000000   0000000001000000   1111111111100000   
0001000111000000   1111111111100000   1111111110100000   
0001001100100000   0000000111000000   0000000100100000   
0001001010100000   0000000010100000   1111111011100000   
0001001001000000   1111111000000000   1111110111100000   
0001001011000000   0000000011100000   0000000001100000   
0001000111100000   1111111110000000   1111111110000000   
0001001010000000   0000000000100000   0000000010100000   
0001001011100000   0000000101000000   0000000100000000   
0001001101100000   0000000110000000   0000000001000000   
0001001010100000   1111010001000000   1111010100000000   
0001010011000000   0000010100000000   0000001011100000   
0001000101000000   1111111101100000   1111111010100000   
0001010111000000   0000001100100000   0000001111000000   
0001000111100000   1111110001100000   1111110011000000   
0001010100000000   1111111111100000   0000001110000000   
0001010100100000   0000001111000000   0000001111000000   
0001010011000000   0000001101100000   1111111110100000   
0001000011100000   1111100000100000   1111100001100000   
0001001110100000   1111101100100000   0000001100000000   
0001011110000000   0000101101000000   0000101111000000   
0001001011000000   1111011100000000   1111101111000000   
0001100110000000   0000001010000000   0000001110100000   
0001000101100000   1111101110000000   1111100100000000   
0001100011100000   0000110010000000   0000101100000000   
0001001100100000   0000010101000000   1111100011000000   
0000111010100000   1100001110000000   1100100000000000   
0001001110000000   1000111001000000   0000100101100000   
0000010011000000   1111101010100000   0111101011100000   
0001001101000000   1000100101100000   1000111011000000   
0000100001100000   0111100111000000   1111101010000000   
0001001000000000   0000010000100000   1000101001100000   
0000110101100000   1000000101100000   1000000110100000   
0001000101100000   1000010110100000   0000010001000000   
0000101100000000   1111011111100000   0111100001000000   
0001000010100000   0111110111100000   1000011000000000   
0001000111000000   1000100011000000   0000100101000000   
0000111110100000   1111110001000000   0111111001100000   
0001000111100000   1000000010100000   1000000101100000   
0000110111100000   0111110101100000   1111110011000000   
0000111000000000   1111111110100000   1000000011100000   
0000110010100000   0111111110000000   0111111111100000   
0000011111100000   0110010111100000   1110101010100000   
0000100011100000   0000011011000000   1000010111000000   
0000000001100000   0111110101000000   0111111000100000   
0000011101000000   1000010100000000   0000011111000000   
0000000100000000   1111101111100000   0111110010000000   
0000011000100000   1000000110100000   1000010111000000   
0000010000000000   1000000111000000   0000001000000000   
0000010111000000   0000001111000000   1000001000000000   
0000001000000000   0111101010000000   0111101010000000   
0000011000100000   0111111010100000   0000010000100000   
0000100011000000   0000100011000000   1000100000100000   
0000011101100000   0111110010100000   0111111000000000   
0000110000000000   1000001010100000   0000001000000000   
0000100010000000   1111111010000000   0111101111100000   
0000101100000000   1000001001100000   1000000111100000   
0000100101000000   1000000000100000   1111110111000000   
0000100100100000   1111110001100000   0111110010000000   
0000100011100000   0111111110100000   0111111111100000   
0000011111000000   0111111011000000   1111111110000000   
0000011101000000   1111111100000000   1000000001000000   
0000011011000000   1000000000000000   1000000011000000   
0000011000000000   1000000000000000   0000000000000000   
0000010100000000   1111111010000000   0111111100000000   
0000010110000000   0111111110000000   1000000100000000   
0000010010000000   0111111111000000   0000000010000000   
0000010010100000   0000000010100000   1000000011100000   
0000010000000000   0111111110100000   0111111110100000   
0000010011100000   1000000111000000   0000000011100000   
0000010011100000   0000000011100000   1000000000000000   
0000011010100000   1000000111000000   1000000011100000   
0000011011100000   0111111110100000   1111111010100000   
0000100011000000   0000000010000000   1000000011100000   
0000101010000000   1000100011100000   1000011100100000   
0000100111100000   0111110100000000   1111110110100000   
0001001001100000   0000011000100000   1000001101100000   
0000110010100000   0111110110100000   0111011110000000   
0000111100000000   0111110001000000   1111110001000000   
0000110010100000   1111100111100000   0111110110100000   
0001001011000000   1000100111100000   1000100111100000   
0000110010100000   1000001111000000   1111100111100000   
0000100011100000   1111001001100000   0111001001100000   
0000110010100000   0111011000100000   1000001111000000   
0001011010000000   1001011110000000   0001011110000000   
0000110010100000   1110110001000000   0111011000100000   
0010000001100000   1000100111100000   1000100111100000   
0000110010100000   0111011000100000   1110110001000000   
0001011010000000   0000100111100000   1000100111100000   
0000110010100000   1000000000000000   0111011000100000   
0000110010100000   0111011000100000   1111011000100000   
0000110010100000   0000000000000000   1000000000000000   
0000110010100000   1000000000000000   1000000000000000   
0000110010100000   1000000000000000   0000000000000000   
0000110010100000   0000000000000000   1000000000000000   
0000110010100000   1000000000000000   1000000000000000   
0000110010100000   1000000000000000   0000000000000000   
0000110010100000   0000000000000000   1000000000000000   
0000110010100000   1000000000000000   1000000000000000   
0000110010100000   1000000000000000   0000000000000000   
0000110010100000   0000000000000000   1000000000000000   
0000110010100000   1000000000000000   1000000000000000   
0000110010100000   1000000000000000   0000000000000000   
0000110010100000   0000000000000000   1000000000000000   
0000110010100000   1000000000000000   1000000000000000   
0000110010100000   1000000000000000   0000000000000000   
0000110010100000   0000000000000000   1000000000000000   
0000110010100000   1000000000000000   1000000000000000   
0000110010100000   1000000000000000   0000000000000000   
0000110010100000   0000000000000000   1000000000000000   
0000110010100000   1000000000000000   1000000000000000   
0000110010100000   1000000000000000   0000000000000000   
0000110010100000   0000000000000000   1000000000000000   
0000110010100000   1000000000000000   1000000000000000   
0000110010100000   1000000000000000   0000000000000000   
0000110010100000   0000000000000000   1000000000000000   
0000110010100000   1000000000000000   1000000000000000   
0000110010100000   1000000000000000   0000000000000000   
0000110010100000   0000000000000000   1000000000000000   
0000110010100000   1000000000000000   1000000000000000   
0000110010100000   1000000000000000   0000000000000000   
0000110010100000   0000000000000000   1000000000000000   
0000110010100000   1000000000000000   1000000000000000   
0000110010100000   1000000000000000   0000000000000000   
0000110010100000   0000000000000000   1000000000000000   
0000110010100000   1000000000000000   1000000000000000   
0000110010100000   1000000000000000   0000000000000000   
0000110010100000   0000000000000000   1000000000000000   
0000110010100000   1000000000000000   1000000000000000   
0000110010100000   1000000000000000   0000000000000000   
0000110010100000   0000000000000000   1000000000000000   
0000110010100000   1000000000000000   1000000000000000   
0000110010100000   1000000000000000   0000000000000000   
0000110010100000   0000000000000000   1000000000000000   
0000110010100000   1000000000000000   1000000000000000   
0000110010100000   1000000000000000   0000000000000000   
0001001011100000   0000110010000000   1000100101100000   
0000111111000000   1000011001000000   0111100111000000   
0000100010000000   0010111100000000   1011011001000000   
0000111101000000   1001010011000000   1000111000000000   
1111101000000000   0111100011000000   1111100100000000   
0000111010000000   0000110110000000   1001010011000000   
1111111110000000   0111011110000000   0111100001000000   
0000110100100000   1000010111100000   0000111001100000   
0000010111000000   0000000001100000   1000000100100000   
0000101111000000   1000011100100000   1000011011000000   
0000001110100000   0111011100000000   1111011110000000   
0000101011000000   1111111010100000   1000011110100000   
0000101100100000   1000100011100000   1000100101100000   
0000100111000000   0111110111000000   1111111100100000   
0000101111000000   0000000100100000   1000000101000000   
0000100101100000   0111111011100000   0111110111000000   
0000101010000000   1000000100100000   0000000100100000   
0000100110000000   0000000000100000   0111111100000000   
0000100111100000   1000000010100000   1000000001000000   
0000101000000000   0111111111100000   1111111111000000   
0000101001100000   0000000000100000   1000000000000000   
0000101000100000   0111111111000000   0111111110100000   
0000100111100000   0111111101100000   1111111110100000   
0000100110100000   1111111101100000   1000000000000000   
0000101000000000   1000000011100000   1000000100000000   
0000100110100000   1000000010100000   1111111111000000   
0000100110000000   1111111101000000   0111111100000000   
0000101000000000   0111111110000000   1000000001000000   
0000101100000000   1000001000000000   0000000111000000   
0000101001000000   1111111001000000   0111111100000000   
0000101111000000   1000000010000000   1000000010100000   
0000100111100000   0111111011000000   1111111001000000   
