1046
1418
1467
1365
1220
1082
991
903
828
831
847
838
814
751
729
726
732
736
738
738
786
858
906
937
942
985
1045
1116
1211
1312
1389
1448
1556
1662
1710
1739
1734
1726
1670
1624
1617
1618
1602
1547
1506
1446
1430
1405
1403
1433
1495
1543
1558
1575
1600
1630
1638
1661
1666
1692
1676
1612
1564
1502
1488
1514
1535
1545
1544
1493
1442
1377
1361
1416
1491
1520
1491
1453
1409
1371
1337
1230
1124
1021
969
974
1129
1254
1338
1376
1403
1417
1416
1408
1404
1402
1404
1573
1647
1667
1623
1529
1515
1622
1792
1973
2125
2262
2329
2328
2311
2270
2251
2255
2188
2113
2090
2073
2022
1959
1893
1877
1878
1861
1805
1714
1656
1617
1670
1746
1802
1820
1756
1727
1796
1869
1949
1949
1905
1834
1758
1714
1679
1630
1546
1523
1378
1275
1177
1134
1082
1051
1000
935
868
825
796
791
797
804
805
830
837
837
835
833
832
903
1064
1241
1466
1676
1879
2012
2106
2155
2179
2227
2315
2417
2543
2580
2798
2874
2823
2762
2734
2649
2579
2512
2482
2455
2431
2429
2433
2389
2315
2291
2267
2213
2124
2045
2023
2060
2083
2116
2152
2157
2126
2035
1905
1760
1619
1570
1575
1640
1702
1727
1717
1708
1905
1999
1987
1916
1833
1777
1772
1775
1762
1733
1700
1691
1690
1694
1626
1543
1516
1548
1644
1728
1829
1928
2027
2093
2126
2150
2173
2128
2001
1904
1786
1655
1606
1609
1494
1388
1334
1301
1278
1226
1187
1127
1062
942
879
799
779
764
792
831
847
895
958
1026
1118
1193
1229
1186
1075
981
1041
1118
1210
1290
1333
1414
1506
1580
1588
1579
1423
1250
1144
1090
1039
991
983
965
963
938
907
869
833
825
801
772
712
670
662
641
664
675
730
902
1030
1116
1117
1081
1027
983
945
971
1007
1052
1093
1100
1148
1186
1219
1250
1281
1338
1403
1472
1538
1556
1545
1584
1652
1699
1733
1741
1734
1701
1663
1650
1629
1624
1706
1814
1901
1940
1948
1957
1954
1949
1946
1999
2070
2117
2130
2121
2138
2170
2179
2203
2159
2094
2018
1969
1941
1913
1965
1988
2281
2435
2474
2496
2475
2486
2486
2489
2512
2500
2447
2373
2324
2320
2327
2308
2280
2218
2198
2252
2352
2487
2577
2603
2608
2551
2441
2376
2321
2237
2195
2260
2384
2455
2461
2451
2439
2429
2472
2469
2442
2403
2366
2306
2240
2147
2047
1948
1850
1756
1662
1567
1446
1342
1245
1150
1056
985
925
917
924
956
1021
1093
1160
1276
1480
1671
1797
1879
1936
1931
2014
2021
1965
1892
1770
1682
1611
1609
1699
1862
1999
2115
1913
1842
1880
1897
1889
1914
1923
1974
2019
2057
2086
2089
2037
1958
1858
1781
1737
1717
1694
1693
1801
2019
2192
2222
2288
2313
2309
2347
2365
2367
2340
2328
2329
2355
2421
2442
2496
2537
2540
2512
2442
2368
2296
2284
2285
2324
2319
2311
2236
2150
2075
1981
1882
1812
1773
1753
1703
1642
1546
1470
1456
1437
1412
1359
1262
1209
1226
1263
1310
1327
1323
1266
1218
1152
1083
1044
1014
990
987
991
1047
1039
1034
1027
1096
1152
1190
1247
1259
1259
1225
1161
1087
967
831
749
687
677
721
744
749
721
708
676
714
813
900
997
1097
1192
1285
1379
1474
1595
1676
1684
1725
1804
1935
1974
2955
3371
3355
3251
3061
2882
2731
2565
2455
2337
2229
2111
2012
1920
1852
1818
1841
1887
1931
1938
1959
1934
1874
1822
1757
1718
1714
1696
1746
1887
2018
2060
1964
1824
1690
1657
1584
1639
1819
1937
2010
2044
2067
2108
2189
2241
2302
2341
2301
2168
2020
2085
2286
2515
2639
2641
2644
2655
2653
2671
2708
2745
2783
2867
2841
2720
2626
2594
2683
2794
2862
2874
2868
2904
2985
3067
3117
3119
3065
3035
3079
3123
3114
3105
3125
3187
3258
3378
3441
3480
3473
3461
3425
3338
3310
3362
3386
3373
3337
3084
2954
3013
3200
3525
3878
4193
4445
4458
4549
4552
4589
4698
4851
4961
4966
4940
4899
4905
4866
4853
4648
4429
4266
4199
4248
4258
4217
4159
4053
3899
3745
3608
3453
3319
3167
3008
2847
2687
2550
2427
2330
2213
2113
2095
1958
1858
1762
1666
1544
1439
1342
1247
1178
1140
1143
1152
1159
1212
1255
1269
1286
1287
1284
1279
1277
1277
1278
1279
1280
1280
1280
1280
1281
1281
1281
1280
1280
1280
1280
1280
1280
1280
1280
1280
1280
1280
1280
1280
1280
1280
1280
1280
1280
1280
1280
1280
1280
1280
1280
1280
1280
2190
2547
2604
2626
2599
2599
2590
2628
2638
2648
2677
2664
2611
2535
2513
2409
2375
2384
2443
2498
2538
2621
2668
2703
2753
2837
2913
2957
2957
2948
2915
2876
2842
2784
2719
2627
2528
2481
2496
2573
2728
2991
3320
3635
3957
4251
4539
4734
4890
4949
4940
4917
4909
4900
4884
4857
4829
4798
4741
4648
5535
5770
5604
5409
5125
4758
4303
3843
3472
3261
3191
3240
3263
3241
3176
3125
3084
3069
3019
3029
3037
2996
2871
2758
2651
2670
2709
2826
2870
2744
2590
2558
2625
2680
2649
2555
2446
2333
2250
2219
2196
2176
2152
2145
2145
2146
2148
2121
2111
2161
2205
2245
2277
2310
2365
2406
2358
2240
2113
2133
2361
2570
2632
2640
2687
2746
2809
2877
2847
2715
2589
2532
2520
2569
2647
2725
2776
2904
3185
3484
3682
3798
3834
3924
4047
4129
4168
4147
4022
3901
3844
3782
3758
3709
3703
3708
3715
3743
3754
3908
4109
4272
4341
4348
4305
4255
4232
4212
4207
4190
4187
4357
4434
4362
4224
4214
4364
4495
4538
4564
4587
4637
4700
4718
4686
4749
4868
4964
5041
5073
5073
5111
5144
5128
5119
5115
5186
5455
5742
5899
5941
5880
5717
5532
5329
5220
5234
5233
5145
5017
4904
4800
4754
4749
4764
4799
4863
4907
4896
4849
4754
4563
4401
4345
4351
4370
4338
4297
4286
4234
4219
4217
4222
4201
4114
3986
3867
3784
3728
3648
3504
3318
3266
3071
2988
2984
3001
2991
2945
2841
2707
2586
2455
2303
2168
2066
2070
2181
2278
2303
2247
2217
2280
2469
2546
2565
2544
2866
3183
3473
3688
3763
3695
3601
3480
3370
3218
3114
3088
3036
3053
3152
3289
3407
3534
3609
3647
3581
3475
3330
3215
3135
3087
3056
3036
3037
3069
3084
3056
3096
3159
3229
3246
3391
3494
3564
3601
3569
3526
3535
3540
3548
3527
3518
3517
3518
3567
3641
3619
3594
3584
3556
3521
3485
3479
3433
3392
3309
3205
3154
3097
3036
2949
2829
2692
2610
2570
2657
2695
2782
2813
2777
2854
2833
2741
2658
2558
2432
2323
2203
2103
2008
1918
1849
1790
1731
1720
1724
1705
1674
1665
1664
1691
1726
1710
1675
1635
1597
1561
1557
1561
1568
1572
1598
1605
1605
1604
1601
1600
1599
1599
1600
1574
1541
1531
1529
1534
1561
1572
1599
1632
1690
1785
1887
1962
2052
2123
2181
2217
2242
2292
2334
2368
2400
2431
2489
2482
2467
2483
2545
2564
2832
2996
3045
3040
3044
3062
3086
3151
3198
3183
3197
3280
3380
3488
3565
3654
3720
3758
3677
3589
3509
3508
3611
3705
3734
3717
3743
3798
3868
3911
3945
3919
3906
3848
3826
3881
3904
3859
3789
3819
3930
4084
4183
4193
4231
4211
4113
4075
3998
3927
3891
3886
3898
3985
4092
4152
4125
4156
4188
4195
4193
4164
4152
4153
4155
4133
4126
4178
4249
4347
4403
4403
4396
4358
4292
4268
4274
4279
4364
4518
4702
4808
4834
4821
4803
4741
4771
4904
5045
5290
5516
5611
5556
5410
5342
5288
5225
5042
4890
4781
4540
4419
4682
4890
5024
5057
4970
4929
4758
4598
4513
4423
4343
4256
4138
4010
3823
3576
3249
3171
2672
2261
1978
1807
1671
1568
1509
1479
1479
1562
1716
1893
2068
2200
2321
2394
2388
2301
2102
1858
1640
1482
1377
1374
1240
1181
1177
1234
1443
1690
1965
2255
2554
2602
3108
3291
3321
3262
3219
3200
3188
3207
3215
3227
3232
3234
3234
3234
3233
3232
3232
3232
3232
3232
3232
3232
3232
3232
3232
3232
3232
3232
3232
3232
3232
3232
3232
3232
3232
3232
3232
3232
3232
3232
3232
3232
3232
3232
3232
3232
3232
3232
3232
3232
3232
3232
3232
3232
3232
3232
3232
3232
3232
3232
3832
4097
4072
3962
3845
3698
3498
3330
3140
2985
2860
2742
2625
2504
2453
2401
2394
2425
2493
2565
2609
2619
2552
2475
2422
2439
2501
2560
2629
2643
2617
2541
