968
1444
1496
1414
1240
1086
976
870
819
808
842
837
813
756
732
729
732
737
739
740
787
855
904
937
944
985
1047
1116
1211
1311
1388
1448
1556
1663
1716
1743
1740
1729
1670
1624
1611
1621
1604
1547
1504
1443
1424
1402
1401
1429
1493
1542
1557
1573
1598
1628
1637
1660
1666
1691
1676
1612
1564
1502
1484
1512
1533
1543
1543
1495
1446
1379
1358
1418
1492
1524
1503
1460
1412
1371
1335
1228
1121
1018
966
965
1125
1251
1333
1380
1401
1414
1413
1407
1402
1401
1402
1572
1643
1667
1635
1527
1510
1625
1790
1979
2136
2269
2333
2340
2318
2272
2252
2257
2189
2115
2092
2070
2020
1959
1892
1876
1877
1861
1810
1717
1657
1618
1670
1742
1800
1809
1760
1727
1786
1868
1949
1950
1907
1839
1760
1714
1679
1631
1548
1520
1378
1277
1180
1132
1083
1053
1001
935
868
824
793
790
797
804
807
831
840
837
835
833
831
903
1063
1238
1464
1676
1878
2009
2106
2160
2182
2224
2314
2411
2542
2580
2799
2877
2842
2774
2737
2654
2581
2512
2474
2455
2430
2428
2432
2388
2320
2294
2268
2215
2126
2046
2024
2062
2083
2117
2153
2162
2129
2043
1907
1759
1618
1570
1568
1637
1701
1725
1718
1712
1894
1998
2003
1918
1831
1771
1758
1767
1757
1734
1703
1693
1693
1696
1627
1547
1519
1542
1641
1727
1829
1928
2027
2093
2129
2151
2173
2128
2002
1908
1786
1658
1598
1608
1504
1393
1333
1300
1277
1228
1188
1127
1062
941
879
798
777
759
789
828
845
895
959
1026
1118
1194
1234
1188
1077
985
1028
1127
1213
1289
1336
1411
1503
1577
1587
1583
1426
1251
1145
1092
1038
988
981
965
962
941
907
868
833
825
802
772
715
671
662
639
659
673
728
903
1036
1121
1131
1089
1031
982
943
969
1006
1054
1095
1106
1150
1187
1219
1250
1281
1338
1403
1472
1540
1557
1550
1586
1651
1696
1732
1736
1733
1701
1664
1651
1628
1623
1705
1808
1896
1937
1944
1953
1951
1947
1945
1994
2068
2118
2131
2122
2139
2170
2179
2204
2164
2095
2018
1969
1937
1914
1959
1987
2262
2430
2492
2506
2481
2485
2483
2486
2510
2500
2448
2376
2326
2315
2325
2309
2281
2219
2199
2253
2348
2485
2582
2603
2609
2554
2448
2384
2318
2236
2191
2260
2377
2452
2461
2459
2445
2432
2474
2471
2444
2406
2367
2307
2240
2148
2048
1948
1850
1756
1662
1567
1448
1342
1245
1150
1056
987
925
917
923
957
1021
1093
1160
1276
1480
1670
1796
1876
1935
1937
2017
2022
1963
1890
1767
1680
1609
1610
1692
1860
2001
2113
1913
1856
1881
1909
1897
1915
1922
1972
2017
2055
2086
2093
2040
1959
1858
1780
1736
1712
1691
1690
1800
2009
2190
2223
2290
2314
2310
2346
2361
2365
2340
2330
2328
2358
2418
2442
2495
2535
2543
2513
2443
2369
2296
2284
2287
2327
2321
2315
2239
2156
2079
1984
1884
1813
1774
1754
1707
1645
1553
1473
1456
1433
1409
1353
1264
1209
1219
1262
1310
1329
1325
1273
1221
1153
1084
1045
1013
987
984
989
1046
1043
1035
1027
1096
1153
1195
1250
1265
1261
1226
1162
1088
966
831
749
684
679
718
744
749
727
711
677
714
815
900
998
1097
1194
1287
1382
1475
1595
1675
1683
1723
1803
1927
1972
2957
3338
3377
3212
3048
2884
2728
2578
2455
2341
2230
2110
2011
1920
1852
1819
1841
1885
1929
1942
1961
1940
1875
1821
1756
1718
1710
1694
1741
1885
2017
2060
1982
1820
1687
1659
1587
1647
1812
1935
2011
2054
2072
2111
2191
2243
2304
2344
2302
2178
2024
2067
2282
2516
2642
2640
2647
2654
2649
2669
2707
2743
2781
2869
2850
2719
2621
2588
2665
2784
2857
2882
2876
2909
2990
3071
3119
3126
3068
3035
3080
3121
3116
3107
3126
3188
3258
3378
3445
3480
3473
3464
3429
3337
3304
3362
3389
3378
3345
3089
2960
2991
3181
3512
3868
4189
4447
4489
4563
4560
4591
4686
4848
4962
4968
4939
4897
4901
4862
4850
4646
4435
4267
4219
4244
4259
4226
4160
4059
3900
3746
3603
3448
3317
3165
3007
2847
2687
2551
2426
2329
2214
2113
2095
1957
1856
1758
1662
1543
1437
1341
1246
1176
1143
1142
1153
1161
1212
1256
1268
1286
1289
1284
1279
1276
1277
1278
1279
1280
1281
1281
1281
1281
1280
1280
1280
1280
1280
1280
1280
1280
1280
1280
1280
1280
1280
1280
1280
1280
1280
1280
1280
1280
1280
1280
1280
1280
1280
1280
1280
1280
2120
2529
2610
2638
2601
2585
2577
2605
2626
2644
2675
2667
2606
2535
2513
2414
2379
2380
2440
2496
2541
2624
2670
2704
2752
2835
2911
2956
2961
2950
2917
2877
2842
2784
2719
2628
2528
2476
2495
2572
2725
2981
3319
3641
3957
4256
4536
4740
4892
4951
4947
4922
4911
4903
4887
4859
4829
4798
4742
4649
5460
5751
5610
5422
5128
4749
4291
3822
3461
3254
3177
3216
3246
3247
3175
3126
3079
3063
3014
3027
3034
2992
2869
2754
2648
2666
2699
2818
2870
2742
2597
2558
2622
2677
2649
2566
2452
2337
2253
2219
2193
2173
2148
2143
2145
2148
2149
2124
2112
2161
2203
2243
2276
2308
2364
2404
2365
2242
2115
2135
2339
2566
2635
2645
2687
2739
2802
2870
2843
2715
2594
2528
2532
2567
2646
2726
2776
2903
3184
3481
3693
3806
3840
3927
4048
4127
4168
4147
4031
3905
3837
3782
3760
3711
3704
3708
3715
3743
3754
3908
4104
4271
4324
4350
4305
4253
4230
4205
4203
4188
4186
4358
4436
4362
4219
4212
4345
4487
4543
4565
4590
4635
4698
4716
4685
4741
4863
4961
5038
5073
5077
5112
5148
5134
5120
5114
5185
5436
5733
5894
5960
5894
5726
5538
5331
5219
5213
5222
5147
5017
4905
4798
4752
4747
4764
4800
4864
4911
4898
4851
4758
4573
4407
4334
4351
4371
4344
4308
4292
4236
4219
4217
4222
4202
4114
3987
3867
3786
3724
3646
3508
3318
3265
3070
2986
2973
2994
2991
2943
2841
2711
2590
2461
2306
2168
2062
2068
2169
2273
2302
2262
2227
2285
2475
2553
2573
2557
2872
3173
3462
3690
3757
3690
3598
3479
3362
3214
3102
3083
3032
3051
3146
3290
3413
3534
3615
3646
3589
3479
3333
3210
3132
3085
3056
3038
3039
3069
3083
3062
3099
3158
3228
3246
3391
3495
3571
3606
3579
3530
3536
3536
3541
3522
3515
3516
3518
3568
3639
3618
3595
3583
3554
3519
3483
3478
3432
3392
3310
3209
3156
3096
3036
2949
2829
2691
2604
2566
2643
2691
2782
2814
2788
2863
2840
2741
2656
2555
2430
2321
2202
2099
2007
1918
1850
1791
1731
1717
1723
1708
1675
1665
1663
1690
1725
1710
1679
1638
1598
1562
1557
1559
1566
1570
1596
1605
1607
1604
1601
1599
1599
1599
1600
1574
1541
1530
1528
1532
1560
1573
1599
1632
1689
1784
1886
1962
2053
2123
2183
2218
2243
2293
2333
2367
2399
2431
2486
2481
2470
2485
2545
2565
2832
2996
3042
3034
3041
3058
3087
3146
3195
3186
3198
3279
3380
3489
3570
3657
3725
3761
3679
3595
3511
3521
3604
3706
3743
3719
3743
3797
3866
3911
3944
3919
3905
3847
3825
3871
3900
3864
3791
3813
3928
4083
4183
4192
4232
4211
4119
4076
3996
3924
3885
3890
3898
3985
4091
4153
4138
4163
4191
4197
4195
4165
4153
4153
4155
4134
4125
4172
4246
4344
4403
4404
4397
4358
4292
4267
4267
4276
4364
4516
4697
4795
4840
4820
4801
4739
4760
4898
5040
5281
5515
5612
5554
5403
5337
5276
5219
5043
4889
4772
4536
4418
4682
4897
5049
5077
5002
4945
4762
4600
4503
4429
4343
4256
4140
4009
3827
3577
3251
3153
2662
2257
1975
1809
1668
1563
1504
1478
1479
1560
1716
1893
2069
2199
2325
2395
2396
2304
2103
1861
1636
1497
1373
1374
1250
1185
1176
1233
1442
1686
1961
2252
2550
2598
3111
3306
3314
3262
3218
3189
3187
3209
3218
3229
3234
3235
3235
3234
3233
3232
3232
3232
3232
3232
3232
3232
3232
3232
3232
3232
3232
3232
3232
3232
3232
3232
3232
3232
3232
3232
3232
3232
3232
3232
3232
3232
3232
3232
3232
3232
3232
3232
3232
3232
3232
3232
3232
3232
3232
3232
3232
3232
3232
3232
3832
4107
4058
3970
3851
3700
3503
3333
3143
2988
2857
2742
2625
2503
2452
2399
2391
2426
2492
2565
2614
2620
2561
2479
2424
2431
2495
2557
2627
2642
2617
2548
