5242920
45613384
71827784
93323592
114819400
161481416
196543176
243204605
276595021
298418431
330432301
258875402
259530762
296034314
286891742
267935454
261152478
242196190
223239683
189906435
148585865
107265417
70335680
341966016
293731520
332166764
180443005
510908123
357529307
204150491
50771675
421877467
345992384
23031103
261434933
499838517
201371019
428633483
119025035
337898891
28290443
255552741
471903503
154144015
396111119
78351631
313994259
516582419
196578541
413445357
94637311
186242185
530773129
338433161
136746549
509318709
345019742
166639106
505640450
299488770
131880450
496064002
328455682
147036072
7050968
390362840
236803800
83244760
479344344
484834833
437198353
404815607
371302258
362020517
339336869
316653221
254705767
261464167
242548643
236453961
184353130
208134506
245449066
269230442
293011560
299860072
306708584
298229630
394267108
23341540
189286805
350079381
510871957
134793621
295586197
460991292
112601916
298265361
483928849
132721425
318384796
496405148
137554655
319957727
502360799
147892959
315173368
474704376
92523000
259803640
427084489
85281481
221056609
462302817
166678113
407924321
109039151
366931199
48147711
266235135
484322559
165538940
368397436
41036973
275352639
480857151
140627007
346131308
936812
192613228
384289644
24603500
216279916
407956106
47942683
251096091
454249295
107146063
296913743
486681423
139578191
329345871
519113801
188361801
383298803
34908988
223390524
415345521
70429553
91166770
483039067
338040667
397663158
325745590
210957487
21157039
368227503
178427055
535458687
325735295
116011903
192820545
12547393
369145290
210465427
54243087
306883911
5377543
240741895
453872820
157936678
352987929
422236021
144707445
383193267
105967638
366784812
118042843
400888027
146862299
429707483
175681755
458526939
280556071
42250699
340816331
97776075
396341463
142037207
460426386
74992483
266087267
457182051
111406156
317754444
524102482
165145426
339528292
111685351
375615419
102674607
382587055
154759089
418025393
128667569
491034441
368267342
118878286
384938062
105516642
375066727
113389671
388583779
143421795
435130723
189968845
488640973
239587789
1389008
300241121
46608609
329847009
76214249
343183337
73281513
340250769
81326225
405188519
130961319
393605031
147006444
223740742
278668323
348128068
128719871
45169663
521346341
473488677
411327781
42570739
350744979
7326599
200780679
362294151
18877319
212331399
405785479
62368780
290491205
490015557
130206533
319327198
518474941
11640029
505798004
451313012
408599924
365887014
334831142
303775270
272719192
228203864
183688536
74555546
84680858
114721986
194553026
274384066
354215106
434046146
513877419
72115627
129476011
183510652
223454844
334767740
443565692
15492732
136767290
258041658
301574836
476220008
113994344
288639693
469846519
100198903
267422199
445925879
92809719
260033015
427256311
57608695
224831991
413682277
51243621
245492628
439741332
97119124
291367828
485616305
128174769
274107057
453536433
110816146
320875896
21245304
218476220
482816198
227381193
476696759
220287159
479596404
202034941
466390781
180997885
432475901
160149643
437751947
178483339
422899851
93982859
360312971
123334795
423162165
209399417
452267440
145075588
371838340
61730180
299904388
526667140
245017988
471780740
139062660
365825412
55717252
282480004
509242756
199134596
425897348
115789188
342552151
46288471
286895703
527502935
231239255
471846487
185838878
405941534
89173135
294063247
516566159
152734863
363449487
37293199
248007823
450399248
115919888
318311231
495733567
135735946
312609628
503237468
156994164
332393076
511339124
144009844
319408756
481487408
128895739
313174779
503892731
151300859
335579899
519858939
152914683
337193938
535563218
197061825
411094209
55545275
285936894
468617281
81594433
249194339
373139299
497084104
73991880
187770568
301549256
415327944
1328840
128271670
215721161
336290402
364593762
404603490
431890654
430203350
461021413
11012815
192375503
373738191
18229718
183249366
348269014
498444758
126593494
291613142
456632790
82840022
339208662
504228310
132377046
297396694
448522710
76671446
241691094
406710970
59001530
238979927
429247319
73206615
263474007
453741399
107137782
291072579
453159491
88451651
260614723
428084280
100518025
259983497
412739721
19073058
155551778
304343074
438724642
38332450
174811170
311289890
447768805
60172517
209447141
500615004
87222108
484999640
515965400
37069684
109413236
172434292
230409076
288383860
346358813
415417522
494249384
130532299
194175947
257819595
310617035
374260683
437904331
501548100
36250692
107824196
163488836
348726340
420299580
474620732
1401660
52970321
108667729
147850317
220062797
292275210
360088586
443024164
58684999
432461383
269366855
67073457
431051987
243594451
41604085
376484701
149574493
478787132
314963516
151139900
524187390
373061258
214341258
55621258
433772170
275052170
116332170
494483082
323040906
153581194
531731904
359798208
187864512
15930609
351401201
160543985
511939825
324719857
139244785
490641433
358086681
225531929
92977385
524785686
392050710
308714399
219487135
146029471
72571807
535985178
470629402
306503813
315220101
323936389
349274245
368745481
302251017
235756553
169262089
102767625
533249236
480050687
446479871
378158372
341810645
310516897
253959329
206609569
150052001
93494433
36936773
511269957
448732229
386194501
311934200
264166602
249101316
171834213
105864037
418832845
449094093
460865997
491127245
510837197
36881593
129844409
209085625
288326841
367568057
441992303
516416623
53970031
128394351
170198874
293554105
423135487
37210367
188156159
339101951
480225535
94300415
231557375
382503167
533449136
159115454
314116413
469122330
433773850
399236593
364699121
330161649
288767473
242548209
223051478
203554675
194322291
200720601
214941913
229163225
216410642
385370642
332493216
91353504
387084704
145945099
377247855
250345697
130922721
11499745
396017098
351297202
329465522
339804317
383401972
382664692
378134574
413228369
368213329
323198289
278183249
233168209
188153169
143138327
139730892
136323020
132915022
121265807
65215656
9165992
489987240
458947943
415407463
386506311
357604935
328703806
316014398
303324990
290635582
277946174
238149438
225459933
223190493
187366877
151543261
109485533
73661917
49700407
19807799
1531447
486915639
457023031
427130268
387022348
354278924
329866764
297123340
264379916
231636492
192478781
162946477
114638110
66329886
8854675
488250333
410459229
508984169
432036713
355088659
225900819
109746451
6822163
427538707
311384339
180951097
50518073
456955961
358545954
247576930
136608051
22559027
431528243
317479219
203962675
89913651
512735539
398686515
284637491
170588467
56539443
479361331
365312307
251263283
137214441
53885513
495434313
399563554
317913726
240114302
147757694
55401086
499915390
407558782
315202044
214276604
102406652
1481212
437426471
322541863
207657255
92772647
514758951
419404369
324049489
241850760
133347720
37755272
466123144
357620104
249117064
149043721
41523721
487963145
373586441
273512969
187898377
76757681
524622473
432953993
341285513
240941837
157948797
65977213
527170429
451492860
369720316
302398460
235076604
173054972
76529193
45710889
14892585
531865296
528319159
36995767
98396016
223209328
386420497
102354488
350277461
70684501
343084655
48369263
290524783
502140760
222695256
492523352
213077689
469175855
170315311
408325679
70643445
321597173
46788171
286633547
526479172
245772100
501935940
221228868
450219706
160452282
407555083
72748043
274811915
476876217
141512559
368103279
90214255
349196143
57159535
295702487
24629207
306876375
35803095
312283095
17510359
270634967
536432526
324473693
125784217
418992506
186487332
490852900
244855538
530047086
35315111
11910567
509451687
470121895
430792103
391462130
329915634
290053362
238853961
226901833
182328663
137755991
93183319
48610647
4037975
496336215
451763543
407190871
362618199
318045527
273472855
240909655
196336787
108411958
44858194
503241554
424754002
332487506
253999954
175512402
97024850
18537298
454490848
368524000
249183453
196590813
243170525
190577885
150994737
137436977
113230104
89530113
62824346
56139674
38395802
15457954
529391266
510312098
487374498
464436898
437313186
414375586
391437986
377085602
354148002
327515640
448795077
210105028
387694345
371531529
355368473
310074905
278175257
246275609
214375961
181198380
150576684
119954988
89333506
85712377
58629625
50052601
16096761
535059472
469015744
414514368
360012992
305511616
251010240
196508864
142007316
90373140
450386237
337000765
223615293
136444355
31799747
464026051
359381443
254736762
145299834
35862906
376387299
223491811
70596323
454571747
293336803
140441315
524416962
386152386
240695234
102430658
501036558
340645587
201357011
47437523
401701001
292452733
183204221
73955960
518044280
425261568
339106082
466257885
61360093
193333213
325306333
457279235
38045443
139003396
239961604
356468228
469501260
21513548
77398616
102130041
126861689
159973753
184705401
209437049
234168921
273556057
312943334
391045526
417669663
442130975
477725215
529835283
65365267
150496531
222315795
307446878
380740702
442860638
535398351
161015519
276318254
400721770
518989674
106522474
236390250
360793962
485197490
32507570
144869268
272025492
399181716
13411696
150971760
242206064
333440238
420103406
487056622
471382402
362461570
253540738
144619906
35699074
458643842
349723010
240802393
145971801
51141167
490437167
392862023
280115751
163355004
54073836
489019884
387095139
282876515
206068455
120584935
35101415
486488807
415462182
199865126
521138982
276918641
21369201
314020209
68366705
361018141
144864029
465580829
249426717
33272376
338965048
107786685
405434813
166212184
474002008
19643712
524795200
478707008
432618816
373333312
327245120
281156928
219913305
158669913
97426521
36183129
517872637
450567278
390667374
343809134
283909230
224009326
164109422
104209442
71433739
38657547
5881355
71147019
38370827
5594384
493239568
444013840
386456848
337231120
288005392
240491792
191266263
155057623
118848983
68468399
46431919
24395236
525909476
490552804
455196132
419839460
381369804
344456652
293117388
256204416
231079745
218570561
206061377
183492570
174727226
178585764
189391012
200196260
211001508
221814727
219471587
200802019
182132451
163462883
131833373
89079325
57450013
25820701
519773208
454278168
388783128
323288088
257793048
192298008
118283288
52788248
524164375
475348247
414137623
365321495
309730583
270146557
202865844
147569844
100900020
45604020
505093131
438754315
372415499
306076683
239737867
173398949
100350885
14654566
481442622
401677118
321911614
242146110
162380606
88308542
8543038
465648446
385841983
306084235
197761419
89438603
517986699
409663883
301341067
193018251
84695303
517413127
400439559
255088758
122337495
533756119
437941745
266737099
81909195
424221295
330857071
237492847
144128623
50764779
519150571
450665451
382180284
310647989
255401141
194624693
139377845
112876725
57629877
2382848
472144896
405036032
83408949
477559020
358806874
180204890
1602906
359871834
181269850
2667765
354292981
179819765
531444981
346199285
160953541
509441221
321057989
132674757
468047045
274019353
105510626
489445090
351826513
122278481
442462801
242339984
525144433
271200625
12874097
305492337
61239665
353857905
109605233
402223681
171643457
464185662
82389310
333515558
520604559
177679083
271244175
188988303
114482063
53214297
528817241
482958660
437099844
495755095
484728908
501948492
506937420
520618325
6119765
18972141
521043437
476929517
442129901
407330075
434650164
370949172
307248180
243547188
179846196
116145204
46103604
519273524
455572532
391871540
349617694
392979093
436347541
504898774
6644950
45016930
168912738
277112435
385312371
493511815
32646279
94938038
418826181
12314565
142673861
273033157
403392268
521643788
103024576
233056192
363087943
502008388
144493340
330910492
517327644
166873884
353291036
2837276
196528924
382946076
56167015
230746566
351275512
518531576
148916728
316172792
483428856
113814074
299993435
456992888
94586261
196429080
326181738
392635242
449913469
491676285
510837545
27034409
80102185
145417001
198484777
264373033
253617100
317326284
381035468
464429577
498606601
532783625
30089737
529129554
534511590
532841181
44016349
92062429
140108509
184656605
232702898
318005838
350880334
374172307
14748307
192195219
369642131
29788371
177875155
325961939
474564827
86296795
241985863
397674317
520218445
105891661
65428660
10140852
497720500
442432182
363346761
284261193
205175625
126090057
47004489
504789833
410352457
331266889
252181492
197369019
127163344
56957904
523622923
422181387
322238987
222296587
122354187
22411787
459340299
396056539
259454939
115259355
515528667
378927067
210261001
9532425
345674761
144946185
481088521
280359945
75322311
404583367
199545544
514650824
301093576
79327944
394433224
164819297
456388961
211087713
535385166
339170382
126211150
466867278
270652494
61576466
415094034
231740690
48387346
401904914
218551570
44733714
391197862
200791206
36418329
356856601
140423961
460862233
244429593
508599164
432847921
358243049
256145898
154049002
51952106
486726322
441163301
410074661
394616119
396475209
317373257
249387849
170285897
91183945
12081993
460274212
362011172
263748132
165485092
82500132
521108004
398956728
207844986
89615506
300543122
511470617
177581081
380562457
46672921
234195993
437177369
124037852
306268892
420368999
192262759
422549029
267416814
72398630
445298470
227029544
531665448
299430440
56898088
361533992
129298984
433934658
186601794
476139842
309940366
50843790
421522969
130027033
380907252
94916340
345796340
43847168
278769152
513691136
211742208
446664441
160993017
412192505
126521311
401657553
113389265
347999953
59731665
308335514
103633751
411193941
185627221
493187669
247681744
73117941
357667061
105345269
401019125
105345269
408440795
137580507
403591131
117411335
339930631
17280411
245599568
450579511
118688823
323669047
4312119
200461367
35307626
42287335
57450727
72614119
87777511
102940903
118104295
133267687
121462603
109649739
95289163
83476079
18790426
423196698
290732058
158267418
25802548
427898676
