5242920
7864360
10485800
533774376
534601768
268791807
2695167
492240173
169389249
7085357
221105345
6823209
221105349
6036769
220318917
6036769
220318917
6036769
220318917
6036769
219794621
7085353
220581049
7609645
221105337
8133941
221105329
9182525
221367461
10755401
222416029
11803985
222416013
13639005
223988873
14163297
224513161
14163297
225037457
13376861
224251025
13376861
224513173
12590421
223988889
11803981
223202457
11541833
222940313
11803981
222678161
12590417
223464593
12852565
223464589
13376857
223988877
13639005
224251021
13901153
224775313
13114713
224251029
12328273
223464597
12590421
223726741
12590421
223726741
12066125
223464601
11279685
222678169
11803981
222678161
12328269
223464597
11803977
223202457
11279685
222940317
9968949
222416041
8396073
221105325
8133929
219270293
10231089
220843149
11017525
221367433
11541817
221891721
11541817
221891721
11541817
221891721
13376853
223726729
13376853
223988877
12328265
222678153
13639001
222678133
16260461
224250981
18357629
225823837
18881917
226348125
18619769
226085981
18619769
226872425
17309041
225561705
17046893
225823857
15998309
225299577
15474021
224775289
15211873
225037441
13901141
223988869
13376849
222940285
14425433
223726713
14687577
224513153
14163289
223202421
15474017
223988845
15736157
224513137
14949717
224251001
14163281
223726717
13376841
223726729
12590409
224513185
10493249
223202477
9444669
222678197
8658233
222416061
7609649
221891781
6823213
221367497
6561069
221105353
6561069
221105353
6823217
221367497
6823217
221367497
6823217
221367497
7609661
220843189
10231121
221629593
13639017
223464577
16260473
225299573
17571201
226348145
18357641
226348133
19930517
226872405
20979093
225561649
23338389
228445241
22551953
227658809
21765509
227396673
20716925
226610245
20192633
226348105
19930489
226085961
19406193
226085969
18881905
225823829
18095465
225823841
16784737
224513121
17046885
224775265
17309033
224775261
17571177
225299553
16522589
225299569
14425421
224251009
13114697
222940289
13638993
223202429
13901137
223464573
13901137
221367389
16260437
223988833
15473997
223726697
14687561
222940265
14687561
223202413
14163269
222940273
13901125
222678129
13901125
223464573
12590397
222153853
12852545
221629553
14163273
222153829
15736149
222940249
17046877
223988821
17571169
224250961
17309017
225037409
15736145
224513137
13638977
222678133
13376833
223726729
11279669
221891725
10755377
221629585
9968937
221105301
9182497
220843165
7609617
219532449
6561029
218483873
6298881
217959581
6823173
218483869
7347469
218483861
8396053
218745993
9706781
219794565
9444629
220318865
8133901
218221701
9444629
219008125
10493213
219794553
11541801
220056685
12852529
221367405
12852529
222940293
10231073
220843149
9182489
220318869
8133905
219270293
7871757
219008149
7609609
219008153
7085317
218746013
6823173
218746017
6298881
218746025
5512445
217959593
5250297
217435301
5512441
217173149
7609617
218483857
8920345
219794577
8658197
219794581
8133905
219532441
8133909
219270293
8658201
219532433
8920345
219270281
9706781
219794565
10231073
220056705
11017513
220318841
12066097
220843121
12590385
221367409
13114681
221367401
13901117
221891685
14163261
222153829
13901113
222153833
13638969
222153837
13376825
221105249
14949701
222153817
15736137
222940249
15998285
223202393
15998285
223202393
16522581
223202385
17309017
223988817
17309017
223726669
17833309
224250957
18095457
225037397
17046873
224513117
16260437
223988833
15736145
222940249
16260433
220580909
19668313
223726633
20192605
224250921
20454753
224513065
20454753
224250917
20454749
224775213
19406165
223988785
19144021
223726641
18881873
223726645
18095433
222940213
18619729
222678057
20454753
223988769
20979041
224250909
20716889
224775209
19668309
224250929
18357577
223202357
18881877
222940201
19930457
223988777
19930457
223988777
19930457
223464481
20192597
223988773
19668305
223726633
18881865
223464497
17571133
222940221
15998257
222153801
14425381
221367381
12852505
220843109
11017485
219794545
9444609
219008125
8133881
218221701
7609593
217697413
7871741
217435261
8920325
217959541
10493205
217697369
13638953
220056653
15211829
221105221
15736117
220580917
16522545
221891645
15473961
221891661
13901089
220843093
13376801
219532361
15473973
220843069
17046849
224513117
15211845
222153813
15736133
222940249
15736137
222940249
16260433
223202389
16784725
223464529
17046869
224250969
15998285
223988837
14687557
222940265
14163265
222678125
13901121
221367389
16784733
223202381
17833309
223464513
18881889
224513089
19406185
225037377
19406185
225299525
19144041
225037381
19406189
224775229
19930477
224775221
20716913
225561653
20454765
225823805
19406181
225299525
18881893
224775237
19144041
225299529
18881897
225823829
17571169
225037405
16260437
224513129
14949709
223464557
14425417
223464565
13376833
223202433
12066105
221891713
11803957
221891717
11017517
221891729
9968937
220581005
10493229
220843145
10755373
221105289
10231077
220843149
9444637
220581013
8658201
220056729
8133909
219532441
8133909
219008145
8396049
219270289
8396049
218483845
9444629
219270273
10231069
220056705
10231069
220318853
9444629
220056717
7871749
219532445
6298877
218483877
5774589
217697441
6036733
217959585
5774585
217697441
5512437
216911001
6823169
217697425
8133901
218221701
9706777
219008121
11279653
219794541
13114677
221105253
13638965
221105245
14949697
221367373
15998273
212454325
26484041
223202233
25697601
223202245
23862577
222415829
21503261
221105125
19406093
220056565
17308925
218745857
15736049
217697289
14949613
216648709
15473905
216910849
15736049
216910845
15736045
217435141
14949609
217173005
14163173
216386573
13901025
215600133
15736053
216648697
16522485
218221573
14687461
217173009
13901029
217173021
13901041
215862281
15736057
217172993
16522493
217697277
17308933
217697265
18357513
218221545
19143949
219532273
17571069
219008001
17571085
217172965
20716833
219794397
21241121
220056537
21765413
220580825
22027561
220580821
22551853
220842961
23600441
222415833
22027561
221367265
21503273
220056533
23076149
221367249
23338293
221629393
23862589
221367237
25173317
222415809
25435461
223202249
24911173
222153665
25697609
223202245
25435465
222677953
26221905
222940089
27794785
224250805
28319077
224775093
28319077
225037241
27270489
223988665
27794785
224512953
27532637
224512957
24649013
221891521
25173313
220842921
29105509
222153601
34086281
225299301
35921289
178071673
37231281
178858097
38804161
179120221
40639177
181217377
40377033
181217381
40377037
181741677
39852749
183314573
36182709
180693149
34871985
179120281
34871981
179644577
33823397
179382445
31726225
178333885
29629057
177547473
27269745
176498917
24648285
175188217
22026825
173615369
19929657
172304661
18094633
171256097
17308201
172042553
15211041
170731845
13638165
170207573
11803145
169159009
10230269
168110441
9443833
167324009
9443833
167324009
9968129
167586149
10230273
167586145
10492417
167848289
10492417
167848289
10492417
167848289
10492417
167848289
10492417
167848289
10492417
167848289
10492417
167848289
10492417
167848289
10492417
167848289
10492417
167848289
10492417
167848289
10492417
167848289
10492417
167848289
10492417
167848289
10492417
167848289
10492417
167848289
10492417
167848289
10492417
167848289
10492417
167848289
10492417
167848289
19667597
176761181
20454037
177023317
21240473
177547601
21502617
177547597
21764761
177809741
22026909
178334033
21240469
178071897
20716181
178596201
19667605
177547625
20191901
177809765
20716193
177547609
21764773
178334037
22551213
178334025
23861941
179382597
24124085
179644741
23861937
179644745
23337645
179644753
22289061
179382621
20716185
178071905
20716189
177547609
22551217
177285433
27269849
179644693
32250625
182266097
36969253
185411801
39852857
187771089
40377145
188295377
40377145
188295377
40114997
188295381
39590705
188033241
38804265
188033253
47193013
197470453
44833697
196159749
41950085
196159793
35396429
193276265
29104933
188819845
26745629
186460549
26483481
186460553
25697041
185936269
25172749
185411981
24648453
184625545
24910597
185411985
23337717
184625565
21764841
182528405
22289129
182004101
23337705
184363417
20978393
181741973
21764833
182266257
21502681
182790557
19929805
182004137
18619077
180955565
18094785
180693425
17570493
180169137
17570493
180169137
17570493
180431285
17308349
179644845
18094785
180169129
18619077
180431269
19405517
180955553
19143365
181742001
17308345
179382697
19929817
180693397
21240537
182004117
22026981
182266253
23075565
182790533
23075557
183839125
21240537
182266265
20978393
181741973
21764833
182004109
22551269
181479801
26483469
183314777
29891361
185936205
31202089
186198333
33299257
187771189
34085693
188819769
32774957
188295493
31726377
187771213
30939941
187509077
30415653
186984789
30415653
186722641
30677797
185411897
33823549
187509033
35134273
188557605
35134269
188819753
34872125
188819757
34609981
188819761
34347837
186722581
36182845
189606181
34347825
187246877
36182853
188295441
36969285
188819725
37493577
188819717
38542161
189868293
38280013
188819705
40115037
190130417
41163621
190916845
41425765
190654693
42212201
191703273
41950057
191441129
42736501
189868229
47192981
193538233
48241561
195111105
46668681
194848981
43785073
192489693
43260785
192227553
41950049
191965425
40115029
190916861
39066449
189868285
39066449
189606137
39852889
190130421
39852885
190392569
38804297
190916881
36182841
188557589
35920697
188295445
35396401
188033305
35134257
188295457
34609969
187771169
34609969
188033317
33561381
188033333
31726361
186722621
30677777
186460489
28580605
185936225
27007741
186460545
24648441
184101249
24648441
184363397
23862001
184363409
22026977
183314845
20191953
182790577
17832641
181217725
17308357
179906993
18619085
181217713
18094789
180693425
18881233
179644821
20716241
181479829
20716241
177809757
26221293
181217597
29891333
184625465
29891329
185149761
28580597
184625485
26483425
183314777
25696993
183314789
25172709
182004057
27007733
183052621
28842757
184363333
29629193
185674061
28318461
185411933
26483441
184101221
25434857
183314793
24910565
182790505
25172713
183052649
24910565
182266209
25959149
182790489
26483437
181741889
28580597
183314745
29367033
184363325
28842741
183576889
29104885
183839033
28842737
183576889
28842737
183576889
29367033
183576881
29367025
183576881
29367025
183839029
28842733
183576889
28580589
183839041
27794153
183839053
26221277
182528337
25434837
182266201
24124105
182004073
22026937
180431217
21240501
178858341
22026933
178858329
22813365
179906909
23599813
181217637
22289081
180431213
20978349
180169085
19143329
179382669
17308309
178334105
15735433
177285537
14686849
176761257
14162561
176236969
13900413
176236973
13638269
175974829
13900417
175974825
13900413
176236973
13376121
175974833
12851829
175450545
12851829
175450545
12851829
175188397
13113973
175450541
13113973
175450541
13113973
175450541
13113973
175450541
12851825
175450545
12589681
175188401
12589681
174926253
12851825
174926249
13376117
174926241
14686849
175450517
15997577
175974793
17308305
176761217
18094741
177285501
18881181
177809785
19405473
178071925
19929765
178071917
20191905
178334061
20454053
178071909
20978341
175712569
24386221
179120441
24648369
179120437
25172661
179382577
25959101
179906861
25959097
179644713
27007685
179906845
28580561
180955413
29891293
181741837
30677729
183314713
29367001
182528289
29104861
181479701
30415589
182790421
30153441
182003981
31202025
182528261
31988461
183052545
31988457
183052545
31464161
182528257
31988457
183052545
31464161
183052553
31464169
182003961
33561337
183576817
34085625
183576809
34347765
184625397
33561333
184625409
32250605
183576837
31988461
183314693
32774905
183314681
33823485
184625405
34085637
184625401
34347781
184887545
34085633
184625401
34085633
184625401
33823485
184363257
34347781
184363249
35658513
185411821
35920657
185673965
35658509
185936117
35134221
185411829
35134221
184625385
37231393
185411797
39066409
186984657
39328553
187246801
38804257
186198217
40639285
187246781
43522901
188557477
45620061
191441073
44047185
189868209
43522889
189868217
41163565
188557513
39328545
189081837
36444953
183052477
40114977
185936049
40901409
187246777
40377121
188295377
37755665
186198233
36444933
185673957
34872057
185149685
32774889
184625421
29104841
183576885
26483401
186460553
18619045
180431269
15211149
178334137
12851837
176499137
12065401
175712705
12851845
175188397
15473305
176499097
17832617
177809801
19405489
179382665
18619045
180169121
15211145
178334137
12589689
176761289
11541113
177285601
9706101
175450593
10230397
174139845
13900441
175712677
18356925
177809793
20716221
174401833
26483389
180169001
26483389
180169001
26483389
180169001
26483389
180169001
26483389
180169001
26483389
180169001
26483389
180169001
26483389
180169001
26483389
180169001
26483389
180169001
26483389
180169001
26483389
180169001
26483389
180169001
26483389
180169001
26483389
180169001
26483389
180169001
26483389
180169001
26483389
180169001
26483389
180169001
26483389
180169001
26483389
180169001
26483389
180169001
26483389
180169001
26483389
180169001
26483389
180169001
26483389
180169001
26483389
180169001
26483389
180169001
26483389
180169001
26483389
173615301
33036989
181217493
31988413
180693213
30415533
180693237
27531929
179382541
24648325
177547549
22551157
176498989
20453989
174663985
19667549
173877553
19929697
173615401
20978281
174401829
21240425
175188269
20191841
174401841
20191845
173877545
20978281
174139681
21502569
174926117
20716129
