640
5568
8768
11392
14016
33024
50104
3576
22088
39060
56032
6718
22940
40728
59775
12027
29815
47603
64022
14905
37781
47103
58357
4075
19415
25339
22200
20591
18982
18129
25896
20291
18484
6461
64807
57617
51919
43983
36512
27449
20791
10267
65279
52820
38707
24594
11735
23920
22923
21926
20929
17144
26208
33734
42905
52076
61247
4882
14053
23224
32395
43490
52661
61641
5276
14191
42420
62974
17992
38546
61076
16094
36648
58696
13714
34268
58057
16310
40099
58142
17995
42811
4084
30893
56234
17507
44316
4172
32398
60624
23314
50463
10955
38104
1261
34939
6968
44533
19160
55013
23145
56813
26310
59978
28110
61778
28219
60490
28622
60186
32441
3282
42431
18816
60737
38028
13530
56357
33648
12900
56114
33065
10743
55980
35681
15382
60619
40320
25793
9241
58225
41673
24543
7413
55819
38066
20936
3806
52212
32099
11413
58934
44540
28690
14296
62315
47921
34591
11334
64249
50289
37668
21073
8452
61367
48067
30177
16252
2327
53938
40013
25810
11885
61753
46085
30417
43225
14297
62482
36429
17538
662
49322
30846
12370
62965
48024
31633
16905
62723
44447
25422
6397
52908
33883
14858
61369
43823
24798
5773
55407
41562
26754
10254
62938
42791
22644
3120
48509
28362
8215
53604
36866
18424
61961
39962
17963
60000
37369
14487
56064
30031
5573
44608
18107
57142
30641
4140
44618
18974
58866
35221
11576
53467
33001
7767
31465
55163
14724
38422
60098
17888
39721
65339
24622
50542
10926
36846
62766
18228
42917
319
22381
46129
3910
26794
48856
5382
30334
55286
14702
41124
540
20257
51348
16903
48063
33064
18065
3066
53603
40542
32736
24930
17124
13152
9180
5208
1236
65053
52581
35968
19922
2664
50942
31795
16426
1057
51224
33989
16754
65055
47820
27067
14042
1205
53904
42034
25843
11099
2206
10865
18056
25247
30640
41428
52216
62694
7427
16143
17494
19872
22250
24862
28443
32024
33576
33100
32624
44885
34857
24829
63347
60870
58393
55916
52687
47767
44815
39895
36100
32305
28510
24715
20920
18319
49858
16484
50033
20027
54112
22661
58636
27185
61270
29819
63904
32453
64778
29819
62144
28933
61258
30949
1117
31753
59658
20219
49932
14109
45604
10869
42876
14901
63570
46703
27972
9241
57672
41253
23031
4809
52123
33901
13970
58551
39564
20577
65133
44153
23844
5337
46557
20759
56661
27027
62929
33295
7384
45312
17704
52742
30239
3316
45075
20076
60613
32413
4213
38483
9735
45054
16306
60525
33652
3029
40728
13701
52210
22052
57178
28782
976
38706
12345
59269
49300
42470
35640
28810
21980
15150
4889
59831
45329
35191
17735
9269
803
58932
59051
49763
40475
22229
16050
3700
59371
49506
39641
29776
19911
8862
63349
52300
41251
30289
20744
11199
3116
60569
52486
51026
42943
35846
33679
32781
30230
27679
23261
18843
14425
8648
8571
1376
60008
56098
52188
46369
39159
31949
23772
17028
10284
3540
62332
55588
48844
39798
30530
24215
17900
9667
5233
64454
57647
50840
44033
38108
31301
24494
17687
9109
64310
58316
1720
22815
43910
65005
25382
33994
43762
53806
63038
6734
15966
29848
39080
48312
58282
1471
10161
18851
26050
34740
44105
52120
59597
64924
4715
10042
14648
18534
24081
29628
34121
36761
39401
42041
44681
47321
49961
52601
54377
46446
57929
3876
15359
26842
38325
49808
59481
7238
18761
30284
43765
57246
5191
35279
28463
23686
16870
10054
3238
62297
57988
53679
55564
37996
20428
10373
58862
43718
28574
13430
63822
48678
29099
25862
21738
17614
11996
6378
760
60678
56158
50540
42714
35889
28267
3025
8618
14211
19804
25397
31569
37741
43913
48323
41856
35389
30970
24503
18036
11569
5102
62785
56318
51340
54315
52538
49548
46558
47736
37799
26931
14542
8239
435
58167
50363
42559
32354
20962
7197
3402
10999
21104
31209
46211
43792
41373
38954
36535
34116
31697
30533
29369
29992
30530
29366
28202
27152
27571
27990
28409
28828
26570
25757
23948
20342
16736
13130
9524
5918
3966
720
61654
55371
49088
42805
38969
30239
18632
6556
61039
50605
39081
27557
10548
59075
42066
25057
8878
56575
38736
20897
3058
52465
32957
9777
52133
24367
5204
33449
62471
18927
39195
60857
16983
38645
60307
19313
43226
792
24715
46996
2682
24963
47244
6034
32787
63613
22910
48304
8162
33556
57924
16756
41124
64901
39152
35365
31446
25733
18919
7420
52455
30684
8913
55690
36931
20002
61940
34255
8200
26456
45595
64734
18337
44353
46384
47062
49093
51124
49288
48741
43310
40797
31559
22321
12257
58008
1803
11164
17280
24945
32610
41917
49582
31234
12886
56622
35973
15324
60211
40039
19867
64683
45850
25678
5506
50870
26159
30627
23512
9891
60418
48194
34573
22656
9035
60950
47329
33708
19487
2776
57394
42835
30231
17627
6805
59737
47133
34529
21925
9123
57875
43070
29176
14371
621
58805
36214
15856
61118
41862
22606
3350
51371
32115
13961
52255
23318
60181
32939
6684
47259
24560
63094
38091
13088
53621
27439
1257
39169
12987
52341
28174
8038
53438
33302
13166
61202
40187
19172
63693
43914
21663
64948
42697
20446
62102
39851
17600
60885
38634
17277
61456
39414
17372
59226
37184
13307
54966
31089
5729
46925
23511
64778
41364
17950
61658
39830
18048
61779
39974
17095
59371
36771
14003
59161
35432
11703
49682
19742
54576
15578
28401
63610
32157
704
33055
62170
26130
45412
40879
34765
19254
36228
53202
4640
23436
40410
56321
6696
24354
40570
56884
6214
22430
39700
57832
8512
23894
40968
54997
4843
19051
33259
50119
64277
14275
31542
48809
2044
20815
39246
59533
12428
30859
49290
3836
23918
44000
65161
14828
30031
44992
770
30697
55441
14649
39393
64137
23345
48089
8614
32682
56750
15282
39350
63418
21093
44304
1979
24166
46353
3004
25191
54300
11351
32422
53493
10881
33805
56729
14117
36453
55288
12661
35570
56935
12764
31237
51437
6101
24670
44870
1443
22313
44422
995
21211
43320
65429
23715
50700
14123
43082
3598
28487
53376
12729
37618
62507
2451
38039
5218
36191
1628
34213
64739
28093
58470
19907
32127
44347
56567
8717
17293
25499
36197
46895
56033
28847
50711
5026
26890
52191
12914
37215
61516
19752
41903
65374
20669
41500
63978
22676
45154
2096
24574
50657
12365
39609
1317
27847
54937
16645
43889
7029
32238
53719
13303
40209
65305
24978
50187
15384
42014
2177
30669
60868
24008
54015
18486
46851
6065
41117
983
27527
52929
8646
31827
54117
10871
33161
55451
20386
1684
48518
29816
11114
58440
31631
13421
60747
39662
15703
57280
31512
5744
44815
20580
60348
34580
8812
48069
22301
62069
36670
10164
51241
24735
64404
36185
11392
52135
28456
2937
41486
16458
55344
28615
12504
46592
15144
49232
17784
53242
23164
57057
26473
61931
30509
431
41294
14867
2554
55094
17836
51881
20390
54435
22944
56989
28268
65083
36362
7641
44456
15735
52550
23829
60644
32593
4542
42027
13976
51461
25443
62928
34877
6826
43257
17788
57855
31351
6378
45410
17987
57938
32844
7750
48192
21114
60279
33908
10533
52165
28790
5415
47576
24201
826
44610
22858
1106
44890
25039
2748
50060
33636
16522
62808
45610
28412
12101
60439
43241
25871
10073
59811
44013
28215
12417
62155
47049
31943
16837
1731
50475
30221
15160
64326
47956
31586
15216
8747
57913
42561
25247
7586
63243
42111
19975
445
46451
26921
61984
52181
43308
31495
19682
7869
59567
47481
30925
21179
11433
1687
57477
47731
37985
24863
13728
64155
50848
33937
16298
695
48659
33056
17294
1274
50790
34770
18750
1338
49462
32050
14638
62762
48926
27707
12199
62227
46719
29326
11933
58380
40987
24689
8391
55193
34345
15973
64360
47211
30062
11704
61300
39829
20370
64757
43608
22459
2573
45008
22883
758
44169
21479
64325
44795
23685
3126
46081
25339
4597
49391
30572
14203
61436
43079
26545
8188
55367
35125
14883
60177
39935
19693
2699
46369
24503
847
41325
17669
58816
35160
11504
53384
29728
6072
48455
28280
5127
46302
21941
60141
34374
14531
54300
26561
65015
35690
3773
43539
17769
56949
31847
4237
42163
19117
60651
36754
11215
53092
24059
6828
50327
25658
2744
45366
22452
65074
42160
6052
31261
57778
7878
24279
40680
57081
4074
16603
33176
47727
62278
10272
22030
33788
45206
56964
3435
11263
26056
39542
50242
63427
9135
19802
31165
42528
53891
64489
11528
19160
26189
33218
40247
52052
54305
55524
58589
59712
62777
306
3371
6436
10860
16983
23106
29229
35352
42485
49618
15238
36193
59938
15357
36312
57267
12686
33641
57494
6989
22020
37051
52082
1577
16608
31639
47928
64217
22613
40796
58614
10896
28714
48466
2682
31178
59674
22634
51130
14090
42586
2786
28522
54258
14458
40194
63327
21580
45369
5656
29445
53234
12493
35268
33542
11054
54102
34005
13908
60934
40837
20740
2658
47607
28936
10860
55172
33078
20032
1698
48900
30566
18098
63345
41196
19627
12365
15453
18541
21629
28552
36381
43260
51865
60470
2052
11948
21662
32260
40088
55459
57571
5749
19463
33177
45528
59242
9628
