0000000000000000
0000010001110000
0000010010100000
0000010011100000
0000010100110000
0000010110000000
0000010111100000
0000011001100000
0000011010100000
0000011010110000
0000011011100000
0000011100100000
0000011110010000
0000100000010000
0000100010000000
0000100100000000
0000100110000000
0000101000100000
0000101011000000
0000101101100000
0000110000000000
0000110010010000
0000110101000000
0000110111010000
0000111001000000
0000111010100000
0000111011100000
0000111100100000
0000111101100000
0000111110100000
0000111111010000
0001000000000000
0001000000110000
0001000001110000
0001000010100000
0001000010100000
0001000100010000
0001000010000000
0001000001110000
0001000001100000
0001000001010000
0001000001000000
0001000000110000
0001000000110000
0001000010010000
0001000010100000
0001000010010000
0001000000110000
0001000000000000
0001000000000000
0001000000000000
0000111111000000
0000111101110000
0000111101010000
0000111101000000
0000111100100000
0000111011110000
0000111011000000
0000111010010000
0000111001100000
0000111001110000
0000111010100000
0000111010100000
0000111010000000
0000111001010000
0000111000100000
0000110111100000
0000110110110000
0000110110000000
0000110101010000
0000110100110000
0000110100000000
0000110010110000
0000110001110000
0000110000100000
0000101111010000
0000101110010000
0000101101100000
0000101100100000
0000101011100000
0000101001000000
0000100110110000
0000100100100000
0000100010010000
0000011111110000
0000011101100000
0000011011100000
0000011001100000
0000010111100000
0000010110010000
0000010101100000
0000010101010000
0000010101010000
0000010101010000
0000010101000000
0000010101000000
0000010100110000
0000010100010000
0000010100000000
0000010100000000
0000010100100000
0000010101010000
0000010101110000
0000010110010000
0000010111010000
0000011000000000
0000011000100000
0000011000100000
0000011000100000
0000010111110000
0000010111010000
0000010111100000
0000010111110000
0000010101010000
0000010001100000
0000010000010000
0000001111110000
0000010000000000
0000001111100000
0000010001000000
0000010101100000
0000010111000000
0000010100110000
0000010001000000
0000001101110000
0000001101000000
0000001101110000
0000001101000000
0000001100000000
0000001100010000
0000001101010000
0000001101100000
0000001110000000
0000001110100000
0000001110100000
0000001110110000
0000001111010000
0000010000000000
0000010000100000
0000010000110000
0000010000100000
0000010000110000
0000010000110000
0000010001000000
0000010001000000
0000010001000000
0000010100100000
0000010100010000
0000010100010000
0000010100010000
0000010100000000
0000010100000000
0000010100000000
0000010100000000
0000010100010000
0000010100100000
0000010101000000
0000010101000000
0000010100110000
0000010100010000
0000010100100000
0000010101000000
0000010101100000
0000010101100000
0000010101100000
0000010101100000
0000010101000000
0000010101000000
0000010101000000
0000010100110000
0000010100010000
0000010100000000
0000010011110000
0000010100000000
0000010100000000
0000010100010000
0000010100000000
0000010100000000
0000010100100000
0000010100100000
0000010100000000
0000010111110000
0000010111010000
0000010111000000
0000010111000000
0000011101010000
0000011100110000
0000011101010000
0000011111100000
0000100010100000
0000100101010000
0000100111100000
0000101001000000
0000101001110000
0000101010110000
0000101011000000
0000101011100000
0000101011110000
0000101100100000
0000101100110000
0000101100010000
0000101011110000
0000101010110000
0000101001100000
0000101000100000
0000100111010000
0000100111010000
0000100100100000
0000101001000000
0000101000000000
0000100110100000
0000100101010000
0000100100010000
0000100010110000
0000100001000000
0000011111110000
0000011111000000
0000011110100000
0000011110010000
0000011101110000
0000011101000000
0000011100010000
0000011011010000
0000011001110000
0000011000100000
0000010111000000
0000010110010000
0000010101110000
0000010101100000
0000010101010000
0000010101000000
0000010100100000
0000010100010000
0000010011110000
0000010011100000
0000010100010000
0000010110010000
0000011001100000
0000011101010000
0000100000110000
0000100100110000
0000101001110000
0000101110100000
0000110011000000
0000110101100000
0000110111100000
0000111001100000
0000110100100000
0000110101010000
0000110100100000
0000110011000000
0000110001000000
0000101110000000
0000101011000000
0000100111010000
0000100011110000
0000100000010000
0000011100100000
0000011010010000
0000011000110000
0000010110110000
0000010011110000
0000010010110000
0000010010000000
0000010001110000
0000010001100000
0000010001000000
0000010000100000
0000010000010000
0000010001000000
0000010011000000
0000010110100000
0000011010110000
0000011111010000
0000100100010000
0000100100010000
0000100100010000
0000100100010000
0000100010100000
0000100011100000
0000100100110000
0000100110000000
0000100110100000
0000100110000000
0000100101010000
0000100011010000
0000100000110000
0000011110000000
0000011100100000
0000011011110000
0000011100010000
0000011100100000
0000011100110000
0000011100100000
0000011100000000
0000011011110000
0000011011100000
0000011011100000
0000011011100000
0000011011100000
0000011011010000
0000011010110000
0000011010000000
0000011001010000
0000011000110000
0000011000010000
0000010111110000
0000010111100000
0000010111010000
0000010111010000
0000010111000000
0000010111010000
0000010111010000
0000010111100000
0000010111010000
0000010111010000
0000010111100000
0000010111100000
0000011000010000
0000011000110000
0000011000110000
0000011001000000
0000011001010000
0000011001100000
0000011010100000
0000011010100000
0000011010100000
0000011010100000
0000011011100000
0000011100000000
0000011100010000
0000011100010000
0000011100010000
0000011100010000
0000011100010000
0000011100010000
0000011100100000
0000011100100000
0000011100100000
0000011100100000
0000011100110000
0000011101000000
0000011101010000
0000011101010000
0000011100100000
0000011100000000
0000011011110000
0000011011100000
0000011011010000
0000011011010000
0000011011010000
0000011011100000
0000011011110000
0000011100010000
0000011100100000
0000011100110000
0000011100110000
0000011101000000
0000011101000000
0000011100100000
0000011100000000
0000011011010000
0000011010110000
0000011010010000
0000011001110000
0000011001100000
0000011001000000
0000011000110000
0000011000010000
0000011000000000
0000011000010000
0000011000100000
0000011000000000
0000010111100000
0000010111000000
0000010110110000
0000010110010000
0000010110100000
0000010111110000
0000011010010000
0000011010110000
0000011011000000
0000011011000000
0000011011000000
0000011010110000
0000011010010000
0000011001010000
0000011000010000
0000010111110000
0000010111010000
0000010111000000
0000010111010000
0000010111100000
0000011000000000
0000011000100000
0000011001010000
0000011010010000
0000011011100000
0000011100100000
0000011101000000
0000011101110000
0000011110100000
0000011111010000
0000100000000000
0000100000110000
0000100001010000
0000100001010000
0000100001100000
0000100001010000
0000100000110000
0000100000010000
0000011111110000
0000011110110000
0000011101110000
0000011100110000
0000011011110000
0000011011000000
0000011010010000
0000011001100000
0000011001000000
0000011000100000
0000011000000000
0000010111100000
0000010111110000
0000010111100000
0000010111000000
0000011000100000
0000011000000000
0000010111100000
0000010111010000
0000010111110000
0000011000100000
0000011001110000
0000011010110000
0000011011110000
0000011100110000
0000011101110000
0000011110010000
0000011110110000
0000011110110000
0000011110100000
0000011110010000
0000011110000000
0000011101110000
0000011101000000
0000011100010000
0000011011110000
0000011011010000
0000011010100000
0000011001110000
0000011001010000
0000011000110000
0000011001100000
0000011001110000
0000011001110000
0000011001100000
0000011001000000
0000011000100000
0000010111010000
0000010110010000
0000010101100000
0000010100100000
0000010101010000
0000010111010000
0000011010000000
0000011100110000
0000011111000000
0000100000000000
0000100000010000
0000100000000000
0000100000000000
0000011111110000
0000011111000000
0000011110000000
0000011101010000
0000011101000000
0000011100110000
0000011100000000
0000011011100000
0000010101000000
0000010110010000
0000010111010000
0000011000010000
0000011001100000
0000011010110000
0000011100100000
0000011101100000
0000011110000000
0000011110100000
0000011110110000
0000011110100000
0000011110000000
0000011101100000
0000011101010000
0000011100110000
0000011100100000
0000011100000000
0000011100000000
0000011011110000
0000011011010000
0000011011000000
0000011010010000
0000011001100000
0000011000110000
0000010111110000
0000010110110000
0000010101110000
0000010100100000
0000010011110000
0000010011000000
0000010010000000
0000010010000000
0000010000010000
0000010000010000
0000001111010000
0000001110110000
0000001110000000
0000001101100000
0000001101010000
0000001101010000
0000001101010000
0000001101100000
0000001101110000
0000001110100000
0000001111010000
0000010000010000
0000010001100000
0000010010010000
0000010010110000
0000010011000000
0000010010110000
0000010010100000
0000010010000000
0000010001100000
0000010001000000
0000001111110000
0000001110100000
0000001101100000
0000001100100000
0000001011110000
0000001011010000
0000001010110000
0000001010010000
0000001010000000
0000001010100000
0000001010000000
0000001010000000
0000001010000000
0000001011000000
0000001100100000
0000001110100000
0000010001000000
0000010100000000
0000010110110000
0000011010000000
0000011101100000
0000100000010000
0000100000010000
0000100000010000
0000100000010000
0000011101010000
0000011100100000
0000011011110000
0000011010110000
0000011010010000
0000011010000000
0000011010010000
0000011010110000
0000011011010000
0000011100010000
0000011101010000
0000011110000000
0000011111000000
0000100000000000
0000100000110000
0000100001110000
0000100010110000
0000100011100000
0000100011100000
0000100011100000
0000101011100000
0000101100000000
0000101100010000
0000101100000000
0000101011110000
0000101011110000
0000101011110000
0000101011100000
0000101011000000
0000101010010000
0000101001100000
0000101001000000
0000101000010000
0000100111100000
0000100110110000
0000100110010000
0000100110000000
0000100101010000
0000100100100000
0000100011110000
0000100010110000
0000100010010000
0000100001100000
0000100001000000
0000100000100000
0000100000100000
0000100001000000
0000100001100000
0000100001110000
0000100010010000
0000100011000000
0000100100000000
0000100101000000
0000100101010000
0000100101010000
0000100101010000
0000100101000000
0000100100100000
0000100011110000
0000100011010000
0000100011000000
0000100011000000
0000100011000000
0000100010110000
0000100011000000
0000100011000000
0000100010110000
0000100010100000
0000100010000000
0000100010000000
0000100010100000
0000100010110000
0000100010110000
0000100011000000
0000100011010000
0000100011010000
0000100011010000
0000100011010000
0000100011010000
0000100100010000
0000100101100000
0000100110000000
0000100110010000
0000100110100000
0000100110100000
0000100110100000
0000100110010000
0000100101110000
0000100101000000
0000100100010000
0000100011010000
0000100010010000
0000100001100000
0000100001010000
0000100001010000
0000100001000000
0000100000100000
0000100000010000
0000100000000000
0000100000010000
0000100000010000
0000100000010000
0000100000000000
0000011111100000
0000011111010000
0000011110110000
0000011110010000
0000011110000000
0000011101100000
0000011101000000
0000011100010000
0000011011110000
0000011011100000
0000011011000000
0000011010110000
0000011010010000
0000011010000000
0000011001100000
0000011001100000
0000011001010000
0000011001000000
0000011000110000
0000011000010000
0000011000110000
0000011011010000
0000011011010000
0000011011000000
0000011010010000
0000011001010000
0000011000110000
0000011000110000
0000011001000000
0000011010010000
0000011011110000
0000011101010000
0000011101110000
0000011110000000
0000011110000000
0000011101010000
0000011100100000
0000011011100000
0000011010110000
0000011001110000
0000011001000000
0000011000000000
0000010111000000
0000010110010000
0000010101010000
0000010100000000
0000010010110000
0000010001100000
0000010000100000
0000010000110000
0000001111110000
0000001111000000
0000001110110000
0000001110110000
0000001101110000
0000001101000000
0000001100110000
0000001100100000
0000001100100000
0000001100010000
0000001100000000
0000001011100000
0000001011010000
0000001010110000
0000001010110000
0000001100000000
0000001110010000
0000010001000000
0000010011110000
0000010110010000
0000011001000000
0000011011110000
0000011110010000
0000100000000000
0000100010000000
0000100100100000
0000100111000000
0000101000110000
0000101001110000
0000101010010000
0000101010100000
0000101010100000
0000101010000000
0000101001100000
0000101000110000
0000101000010000
0000101000010000
0000100111000000
0000100110100000
0000100110000000
0000100110000000
0000100111000000
0000101001010000
0000101100010000
0000110000010000
0000110100000000
0000110110100000
0000110111100000
0000111000000000
0000110111110000
0000110111100000
0000110111010000
0000110111000000
0000110111000000
0000110110000000
0000110100110000
0000110011100000
0000110001110000
0000101110100000
0000101100100000
0000101011100000
0000101010100000
0000101001010000
0000100111010000
0000100101010000
0000100100010000
0000100011000000
0000100011000000
0000100011110000
0000100011100000
0000100011000000
0000100010010000
0000100010000000
0000100001110000
0000100001100000
0000100001000000
0000100001000000
0000100001000000
0000100000100000
0000100000010000
0000100001000000
0000100001100000
0000100001100000
0000100010000000
0000100010110000
0000100100000000
0000100100100000
0000100100100000
0000100100010000
0000100100000000
0000100011110000
0000100011100000
0000100011000000
0000100010110000
0000100011000000
0000100011010000
0000100011100000
0000100011100000
0000100011110000
0000100011110000
0000100011110000
0000100011110000
0000100011110000
0000100110110000
0000100111010000
0000100111100000
0000100111100000
0000100111000000
0000100110100000
0000100110000000
0000100101010000
0000100011110000
0000100011010000
0000100010010000
0000100000110000
0000011111100000
0000011110000000
0000011101010000
0000011100010000
0000011011010000
0000011010100000
0000011010100000
0000011010110000
0000011010110000
0000011011000000
0000011011000000
0000011011000000
0000011010110000
0000011011000000
0000011011000000
0000011011010000
0000011011010000
0000011011010000
0000011101010000
0000011101010000
0000011101100000
0000011110000000
0000011111000000
0000100000100000
0000100010010000
0000100011110000
0000100100100000
0000100100110000
0000100101000000
0000100101010000
0000100110000000
0000100111000000
0000100111110000
0000101000100000
0000101001100000
0000101010100000
0000101011000000
0000101011000000
0000101010110000
0000101010100000
0000101010010000
0000101001110000
0000101001100000
0000101001010000
0000101001000000
0000101000100000
0000101000010000
0000100111010000
0000100110100000
0000100101110000
0000100101100000
0000100101000000
0000100100100000
0000100011110000
0000100011010000
0000100001110000
0000011111110000
0000011110000000
0000011100000000
0000011010100000
0000011001010000
0000011000010000
0000010111000000
0000010101110000
0000010100110000
0000010011110000
0000010011010000
0000010011000000
0000010100010000
0000010100000000
0000010100010000
0000010011110000
0000010011010000
0000010010100000
0000010010100000
0000010011100000
0000010011110000
0000010011010000
0000010011000000
0000010010110000
0000010010000000
0000010001010000
0000010000110000
0000010000100000
0000010000000000
0000001111100000
0000001111000000
0000001110110000
0000001110010000
0000001110000000
0000001101100000
0000001101100000
0000001101100000
0000001101010000
0000001101010000
0000001101010000
0000001101010000
0000001101100000
0000001110000000
0000001110000000
0000001110010000
0000001110010000
0000001110000000
0000001101100000
0000001101100000
0000001101110000
0000001110000000
0000001110000000
0000001110000000
0000001110010000
0000001110010000
0000001110100000
0000001110010000
0000001110000000
0000001101100000
0000001101010000
0000001100110000
0000001100000000
0000001011110000
0000001011100000
0000001011010000
0000001011000000
0000001011000000
0000001011010000
0000001011100000
0000001011110000
0000001011110000
0000001100000000
0000001100010000
0000001100100000
0000001100100000
0000001100100000
0000001100100000
0000001110110000
0000001111000000
0000001111010000
0000010000010000
0000010001010000
0000010010110000
0000010101000000
0000010111100000
0000011010010000
0000011100100000
0000011110000000
0000011111000000
0000011111000000
0000011111010000
0000011111100000
0000011111010000
0000011111010000
0000011110110000
0000011110000000
0000011101100000
0000011101010000
0000011101000000
0000011100110000
0000011100010000
0000011011010000
0000011100110000
0000011100000000
0000011011010000
0000011011000000
0000011010100000
0000011010000000
0000011001100000
0000011001010000
0000011001100000
0000011011100000
0000011110100000
0000100010100000
0000100110100000
0000101010110000
0000101111000000
0000110010100000
0000110100100000
0000110110000000
0000110111100000
0000111001000000
0000111001110000
0000111011000000
0000111010010000
0000111001010000
0000111000000000
0000110111000000
0000110110010000
0000110101010000
0000110100110000
0000110100010000
0000110010100000
0000110000110000
0000101110100000
0000101100110000
0000101011100000
0000101010010000
0000101001000000
0000101000000000
0000100111010000
0000100110100000
0000100110000000
0000100101110000
0000100101000000
0000100100100000
0000100011110000
0000100011000000
0000100010010000
0000100001100000
0000100001000000
0000100000110000
0000100000000000
0000011111010000
0000011110110000
0000011110000000
0000011101010000
0000011100100000
0000011101110000
0000011101110000
0000011110010000
0000100000110000
0000100101110000
0000101011010000
0000101111110000
0000110011000000
0000110101000000
0000110111110000
0000111010100000
0000111001110000
0000111000000000
0000110110000000
0000110100000000
0000110001110000
0000101111100000
0000101011110000
0000100110100000
0000100011100000
0000100011010000
0000100100000000
0000100001110000
0000100000100000
0000011111110000
0000011110000000
0000011100100000
0000011011000000
0000011001110000
0000011001000000
0000011000100000
0000010111100000
0000010110000000
0000010101000000
0000010100000000
0000010011010000
0000010010110000
0000010010110000
0000010001110000
0000010010110000
0000010011100000
0000010100100000
0000010101110000
0000010111100000
0000011001100000
0000011011110000
0000011110000000
0000100000100000
0000100011000000
0000100101100000
0000100111110000
0000101010000000
0000101100000000
0000101101110000
0000101111010000
0000110000010000
0000101111000000
0000101110110000
0000110000100000
0000110000100000
0000110000100000
0000110000010000
0000110000000000
0000110000010000
0000110000000000
0000110000000000
0000110000010000
0000110000010000
0000110000000000
0000110000000000
0000110000100000
0000110001000000
0000110001110000
0000110001100000
0000110001100000
0000110001010000
0000101101000000
0000101100010000
0000101011110000
0000101011110000
0000101100010000
0000101110010000
0000101111110000
0000101110010000
0000101100010000
0000101010000000
0000101000000000
0000100110010000
0000100100100000
0000100010100000
0000100000100000
0000011110100000
0000011101100000
0000011100100000
0000011001010000
0000010101110000
0000010011100000
0000010011100000
0000010101010000
0000010111110000
0000011001100000
0000011001010000
0000011000010000
0000011001000000
0000011010000000
0000011011010000
0000011101010000
0000011111110000
0000100001100000
0000100010110000
0000100011100000
